v -0.75215 0.108652 0.172303 0 0
v -0.744733 0.156456 0.186947 0 0
v -0.720939 0.111905 0.231665 0 0
v -0.719379 0.0818861 0.23549 0 0
v -0.717768 0.158978 0.236124 0 0
v -0.715303 0.134162 0.24218 0 0
v -0.692542 0.057002 0.291676 0 0
v -0.6747 0.0224259 0.329363 0 0
v -0.671962 -0.00447553 0.332976 0 0
v -0.672809 -0.0108827 0.330875 0 0
v -0.676226 -0.0508296 0.322398 0 0
v -0.673921 -0.0340494 0.324931 0 0
v -0.673869 -0.0883446 0.318647 0 0
v -0.674052 -0.098689 0.318191 0 0
v -0.685984 0.128252 0.285137 0 0
v -0.680816 0.116842 0.298057 0 0
v -0.664495 0.0146532 0.338858 0 0
v -0.673192 -0.12457 0.317115 0 0
v -0.673836 -0.135026 0.315507 0 0
v -0.676421 0.112628 0.302535 0 0
v -0.670537 -0.106486 0.3173 0 0
v -0.667902 -0.0508817 0.32068 0 0
v -0.668974 -0.0806382 0.317984 0 0
v -0.709691 0.1958 0.208701 0 0
v -0.657068 0.0769654 0.341523 0 0
v -0.664066 -0.0289283 0.323861 0 0
v -0.658093 0.0850596 0.332479 0 0
v -0.664728 -0.115633 0.315666 0 0
v -0.664753 -0.118221 0.315603 0 0
v -0.669393 -0.14767 0.303846 0 0
v -0.678497 0.137023 0.274068 0 0
v -0.656022 0.000640013 0.33124 0 0
v -0.695351 0.176047 0.227738 0 0
v -0.667269 -0.150674 0.299312 0 0
v -0.683362 0.153271 0.254883 0 0
v -0.649153 0.0756603 0.342244 0 0
v -0.644444 0.0599629 0.35427 0 0
v -0.657809 -0.0405896 0.320139 0 0
v -0.659726 -0.0911081 0.315243 0 0
v -0.656049 -0.0315471 0.321344 0 0
v -0.657564 -0.057432 0.317469 0 0
v -0.657228 -0.0846577 0.31502 0 0
v -0.656098 -0.0872643 0.314604 0 0
v -0.656895 -0.132673 0.312557 0 0
v -0.685903 0.169952 0.234562 0 0
v -0.667619 0.129833 0.281623 0 0
v -0.652913 -0.0380275 0.319473 0 0
v -0.653241 -0.0432055 0.318629 0 0
v -0.667923 -0.168467 0.277439 0 0
v -0.64465 0.00704182 0.330855 0 0
v -0.646661 -0.0083482 0.325649 0 0
v -0.651078 -0.0743535 0.314212 0 0
v -0.65009 -0.0834444 0.31342 0 0
v -0.640266 0.0210656 0.335595 0 0
v -0.647323 -0.043241 0.31725 0 0
v -0.678168 -0.210279 0.237067 0 0
v -0.648094 -0.108124 0.31188 0 0
v -0.637914 0.0810962 0.335069 0 0
v -0.632467 0.0550797 0.349285 0 0
v -0.63755 0.023613 0.336019 0 0
v -0.63928 0.0121585 0.331503 0 0
v -0.647072 -0.121124 0.311166 0 0
v -0.647738 -0.134216 0.309429 0 0
v -0.674145 0.170061 0.233434 0 0
v -0.634332 0.0784149 0.337763 0 0
v -0.633004 0.0375349 0.341243 0 0
v -0.673646 0.174699 0.227616 0 0
v -0.632991 0.08112 0.334581 0 0
v -0.660398 -0.17926 0.262474 0 0
v -0.628092 0.0463607 0.344128 0 0
v -0.629521 0.0375548 0.340363 0 0
v -0.671148 -0.220996 0.227033 0 0
v -0.636233 -0.0368176 0.315856 0 0
v -0.638838 -0.123876 0.308959 0 0
v -0.67839 0.200825 0.20061 0 0
v -0.647289 0.129986 0.279603 0 0
v -0.639357 0.114288 0.297213 0 0
v -0.631178 -0.0186968 0.318997 0 0
v -0.632083 -0.0277626 0.316586 0 0
v -0.631168 -0.0511408 0.312128 0 0
v -0.631429 -0.0576381 0.311429 0 0
v -0.632137 -0.0784498 0.309536 0 0
v -0.627625 -0.0187062 0.318153 0 0
v -0.648192 -0.175205 0.263038 0 0
v -0.634909 0.115735 0.295128 0 0
v -0.629081 0.101715 0.310777 0 0
v -0.624811 -0.00321737 0.322243 0 0
v -0.627413 -0.0290768 0.315257 0 0
v -0.638299 -0.153166 0.286025 0 0
v -0.664827 0.187304 0.211108 0 0
v -0.627588 -0.0511657 0.311307 0 0
v -0.65628 -0.206569 0.234104 0 0
v -0.638991 0.131499 0.27707 0 0
v -0.628506 -0.130641 0.30534 0 0
v -0.665013 -0.249638 0.206906 0 0
v -0.613758 0.0489734 0.341677 0 0
v -0.647696 -0.187261 0.249979 0 0
v -0.649236 -0.191743 0.245818 0 0
v -0.65467 -0.20963 0.231137 0 0
v -0.665197 -0.257118 0.202693 0 0
v -0.665722 0.202551 0.197539 0 0
v -0.624972 -0.0785271 0.30787 0 0
v -0.625474 -0.10587 0.30651 0 0
v -0.61948 -0.00838011 0.319248 0 0
v -0.642706 -0.179904 0.256233 0 0
v -0.623032 -0.101998 0.306086 0 0
v -0.634911 -0.162203 0.273791 0 0
v -0.641342 0.152126 0.252661 0 0
v -0.609311 0.0401954 0.336453 0 0
v -0.61819 -0.0551377 0.308669 0 0
v -0.617205 -0.0603576 0.307812 0 0
v -0.612227 -0.00709642 0.317923 0 0
v -0.60694 0.083959 0.328928 0 0
v -0.615631 -0.0877616 0.304999 0 0
v -0.615748 -0.0942803 0.304678 0 0
v -0.623902 -0.152187 0.282226 0 0
v -0.654728 -0.26203 0.197354 0 0
v -0.6134 -0.0551736 0.307568 0 0
v -0.609425 -0.014864 0.314969 0 0
v -0.609552 -0.01616 0.314618 0 0
v -0.611704 -0.0447588 0.308668 0 0
v -0.632021 -0.18029 0.252493 0 0
v -0.648227 -0.247304 0.203875 0 0
v -0.63549 0.165809 0.235416 0 0
v -0.607932 -0.0239548 0.311935 0 0
v -0.639918 -0.225169 0.215519 0 0
v -0.613209 0.12159 0.286333 0 0
v -0.644319 0.202777 0.195525 0 0
v -0.639611 -0.235646 0.20871 0 0
v -0.642833 0.201361 0.19581 0 0
v -0.597034 0.0199225 0.324353 0 0
v -0.617627 0.141914 0.262815 0 0
v -0.597218 0.0908389 0.320221 0 0
v -0.600368 -0.0591912 0.304042 0 0
v -0.587494 0.0529446 0.336806 0 0
v -0.593926 0.00709354 0.318596 0 0
v -0.600628 -0.120647 0.299622 0 0
v -0.625007 0.172064 0.226755 0 0
v -0.589416 0.0867734 0.324084 0 0
v -0.60522 0.130304 0.275388 0 0
v -0.58958 0.0135313 0.319955 0 0
v -0.629012 -0.233044 0.207591 0 0
v -0.637674 -0.280855 0.182907 0 0
v -0.601451 -0.145587 0.282372 0 0
v -0.625933 -0.224184 0.212456 0 0
v -0.627763 -0.23309 0.207232 0 0
v -0.628375 -0.236071 0.205484 0 0
v -0.59428 -0.102417 0.299127 0 0
v -0.591956 -0.0592608 0.30205 0 0
v -0.593147 -0.106362 0.298633 0 0
v -0.613926 0.164481 0.23515 0 0
v -0.594478 0.116012 0.291057 0 0
v -0.579466 0.0517494 0.334212 0 0
v -0.599586 -0.150062 0.276371 0 0
v -0.576844 0.0618274 0.338084 0 0
v -0.596269 -0.144291 0.282119 0 0
v -0.588661 -0.0671452 0.300281 0 0
v -0.589154 -0.0854697 0.298859 0 0
v -0.5898 -0.119528 0.296993 0 0
v -0.614989 -0.209547 0.22032 0 0
v -0.627004 -0.270704 0.18555 0 0
v -0.611849 0.172189 0.225467 0 0
v -0.606204 0.158463 0.24184 0 0
v -0.605585 0.156954 0.243634 0 0
v -0.575314 0.0479961 0.331429 0 0
v -0.617036 0.187794 0.206433 0 0
v -0.576992 0.0868383 0.32283 0 0
v -0.572995 0.0760161 0.334449 0 0
v -0.601609 -0.172367 0.251277 0 0
v -0.58356 -0.109132 0.296143 0 0
v -0.573473 0.027676 0.321835 0 0
v -0.607374 -0.203821 0.222628 0 0
v -0.616885 -0.256052 0.190736 0 0
v -0.614816 -0.25161 0.192737 0 0
v -0.595866 0.155531 0.244484 0 0
v -0.57475 -0.014937 0.306697 0 0
v -0.574995 -0.0175422 0.305974 0 0
v -0.575891 -0.0292826 0.303335 0 0
v -0.612808 0.200568 0.190481 0 0
v -0.56304 0.0695032 0.337437 0 0
v -0.563412 0.0657207 0.33634 0 0
v -0.576435 -0.0633231 0.297883 0 0
v -0.590901 0.14957 0.251208 0 0
v -0.60247 0.181632 0.212913 0 0
v -0.608818 0.200625 0.189963 0 0
v -0.597926 -0.201127 0.222344 0 0
v -0.611483 -0.277439 0.177885 0 0
v -0.586878 0.152602 0.247197 0 0
v -0.566185 -0.000648593 0.308999 0 0
v -0.565351 -0.00454362 0.307613 0 0
v -0.590136 -0.186323 0.233421 0 0
v -0.592183 -0.193768 0.227292 0 0
v -0.555828 0.0607637 0.332292 0 0
v -0.588911 -0.19087 0.228953 0 0
v -0.554871 0.050676 0.327465 0 0
v -0.57194 0.130559 0.27202 0 0
v -0.581157 -0.173068 0.244171 0 0
v -0.592056 -0.21336 0.211243 0 0
v -0.554278 0.0379819 0.321491 0 0
v -0.559697 -0.00845075 0.30508 0 0
v -0.560788 -0.020191 0.301777 0 0
v -0.563407 -0.0726344 0.293845 0 0
v -0.568196 -0.145198 0.271312 0 0
v -0.572243 -0.156916 0.258998 0 0
v -0.5587 -0.0450881 0.296226 0 0
v -0.556607 0.106362 0.298628 0 0
v -0.555112 -0.0110632 0.303199 0 0
v -0.556626 -0.0306699 0.298572 0 0
v -0.557282 -0.0411592 0.296565 0 0
v -0.565342 -0.143821 0.271928 0 0
v -0.554063 -0.0503694 0.294408 0 0
v -0.578985 -0.200287 0.217689 0 0
v -0.570934 0.15878 0.238314 0 0
v -0.57432 0.171002 0.22366 0 0
v -0.543213 0.0405959 0.319875 0 0
v -0.552349 -0.0687979 0.291618 0 0
v -0.549033 -0.0464617 0.293776 0 0
v -0.572453 -0.194457 0.220993 0 0
v -0.577354 -0.215389 0.205765 0 0
v -0.543995 -0.00846942 0.301336 0 0
v -0.547857 -0.0820146 0.289274 0 0
v -0.546527 -0.0780753 0.289331 0 0
v -0.542767 -0.0425571 0.292903 0 0
v -0.553621 0.143928 0.254554 0 0
v -0.572167 -0.227622 0.196081 0 0
v -0.554472 -0.161973 0.247632 0 0
v -0.567275 -0.20972 0.20717 0 0
v -0.52716 0.0749425 0.329902 0 0
v -0.529732 0.0521364 0.321752 0 0
v -0.567605 -0.217249 0.201766 0 0
v -0.537368 0.109306 0.293413 0 0
v -0.571978 0.210214 0.179062 0 0
v -0.525813 0.0547052 0.321934 0 0
v -0.563817 -0.217384 0.200649 0 0
v -0.56637 -0.230846 0.192503 0 0
v -0.525887 0.08711 0.317582 0 0
v -0.568709 -0.251907 0.180583 0 0
v -0.571086 -0.266974 0.17298 0 0
v -0.569603 0.21509 0.17324 0 0
v -0.532222 -0.0294588 0.293126 0 0
v -0.561455 0.193152 0.194931 0 0
v -0.530597 -0.0228988 0.29414 0 0
v -0.533643 -0.101991 0.284346 0 0
v -0.55282 -0.186091 0.222692 0 0
v -0.533214 0.119298 0.281489 0 0
v -0.531112 -0.0980616 0.284021 0 0
v -0.547485 -0.175711 0.231122 0 0
v -0.518724 0.0844136 0.31988 0 0
v -0.528508 -0.0518661 0.288192 0 0
v -0.524666 -0.127093 0.300636 0 0
v -0.56164 0.211926 0.176348 0 0
v -0.51543 0.0857974 0.318015 0 0
v -0.520698 0.105185 0.29656 0 0
v -0.516899 0.0304821 0.308987 0 0
v -0.522044 -0.0229254 0.292157 0 0
v -0.514609 -0.134948 0.316478 0 0
v -0.55809 -0.258388 0.174234 0 0
v -0.508325 0.0790442 0.324423 0 0
v -0.516684 -0.00195964 0.296869 0 0
v -0.506667 0.075133 0.325656 0 0
v -0.517187 -0.0453443 0.286546 0 0
v -0.531604 0.159143 0.234295 0 0
v -0.509035 0.0356649 0.309257 0 0
v -0.553124 -0.276914 0.162817 0 0
v -0.551586 -0.275441 0.163245 0 0
v -0.546594 -0.251251 0.175207 0 0
v -0.537916 -0.209228 0.199568 0 0
v -0.549509 -0.285009 0.156033 0 0
v -0.530051 -0.185347 0.216737 0 0
v -0.548262 -0.285096 0.15547 0 0
v -0.54608 0.225355 0.158057 0 0
v -0.510077 -0.0904018 0.279494 0 0
v -0.49484 -0.140558 0.326562 0 0
v -0.523196 0.165327 0.226066 0 0
v -0.499468 0.0240943 0.3021 0 0
v -0.503739 -0.0243004 0.287582 0 0
v -0.495458 0.0900244 0.311329 0 0
v -0.500911 -0.0388354 0.283771 0 0
v -0.494467 0.0254074 0.301385 0 0
v -0.525782 -0.212668 0.19381 0 0
v -0.487341 0.0766097 0.321442 0 0
v -0.49719 -0.0177334 0.287517 0 0
v -0.498961 -0.0507529 0.281419 0 0
v -0.518775 -0.185717 0.213173 0 0
v -0.498656 0.119545 0.27792 0 0
v -0.495798 -0.0151038 0.28779 0 0
v -0.510043 0.157822 0.233915 0 0
v -0.523919 0.201615 0.181038 0 0
v -0.521253 -0.215858 0.190295 0 0
v -0.493786 -0.118008 0.281079 0 0
v -0.528323 -0.268747 0.160848 0 0
v -0.492622 -0.0468222 0.280536 0 0
v -0.483585 0.035797 0.302994 0 0
v -0.482734 -0.130592 0.305978 0 0
v -0.516129 -0.216038 0.188791 0 0
v -0.482956 0.098416 0.300628 0 0
v -0.490006 -0.0773693 0.275821 0 0
v -0.485227 0.109652 0.288014 0 0
v -0.508802 -0.192092 0.204839 0 0
v -0.481297 0.101223 0.297272 0 0
v -0.482756 0.00851536 0.292111 0 0
v -0.476507 0.0551062 0.309631 0 0
v -0.482262 -0.0362851 0.279855 0 0
v -0.487636 -0.130081 0.260685 0 0
v -0.496115 -0.165372 0.225587 0 0
v -0.476941 0.00459227 0.289473 0 0
v -0.505805 -0.22395 0.180949 0 0
v -0.469379 0.0538844 0.307283 0 0
v -0.504757 -0.2255 0.179699 0 0
v -0.506698 -0.23758 0.172699 0 0
v -0.5093 0.22251 0.15822 0 0
v -0.470321 0.0345728 0.299178 0 0
v -0.504937 0.209981 0.168917 0 0
v -0.464924 0.084708 0.31402 0 0
v -0.471816 -0.0270552 0.279456 0 0
v -0.473144 -0.0975487 0.269771 0 0
v -0.475407 0.140141 0.251689 0 0
v -0.460576 0.0565163 0.30623 0 0
v -0.470791 -0.102923 0.268665 0 0
v -0.467839 -0.0842774 0.269759 0 0
v -0.491791 -0.225958 0.176003 0 0
v -0.457531 0.0398136 0.298227 0 0
v -0.462189 -0.0112086 0.280902 0 0
v -0.471732 -0.143747 0.240386 0 0
v -0.476499 0.16886 0.217504 0 0
v -0.475048 0.164256 0.222931 0 0
v -0.449887 0.0847989 0.312211 0 0
v -0.460649 -0.0536871 0.271837 0 0
v -0.46364 -0.122081 0.260614 0 0
v -0.460288 -0.0816961 0.268209 0 0
v -0.454304 0.00986186 0.285774 0 0
v -0.457985 -0.049709 0.271884 0 0
v -0.447963 0.0604652 0.304796 0 0
v -0.452848 0.0124878 0.28631 0 0
v -0.46605 0.156707 0.231214 0 0
v -0.451999 0.109875 0.284543 0 0
v -0.471085 0.181399 0.201636 0 0
v -0.483969 0.229547 0.147025 0 0
v -0.452018 -0.0564193 0.269355 0 0
v -0.452326 -0.0657567 0.268175 0 0
v -0.453522 -0.108552 0.263597 0 0
v -0.443368 0.046361 0.297472 0 0
v -0.450275 -0.0444307 0.270949 0 0
v -0.445596 0.109918 0.283864 0 0
v -0.454026 -0.128093 0.251397 0 0
v -0.442243 0.0334139 0.291729 0 0
v -0.442729 0.0282034 0.289854 0 0
v -0.449289 -0.091189 0.264513 0 0
v -0.464658 -0.176914 0.205146 0 0
v -0.475339 -0.238726 0.163888 0 0
v -0.471414 0.203836 0.173637 0 0
v -0.45726 0.158309 0.228472 0 0
v -0.434811 0.0822966 0.310424 0 0
v -0.466641 0.197398 0.181322 0 0
v -0.441495 -0.000659975 0.279324 0 0
v -0.43411 0.0644331 0.303033 0 0
v -0.434518 0.0605849 0.301438 0 0
v -0.440354 -0.00198063 0.278623 0 0
v -0.440765 -0.007269 0.277017 0 0
v -0.443111 -0.0524824 0.267849 0 0
v -0.448265 -0.129708 0.2477 0 0
v -0.467649 0.213722 0.160896 0 0
v -0.440488 -0.0899635 0.262472 0 0
v -0.447554 0.156882 0.229241 0 0
v -0.431284 0.100131 0.293614 0 0
v -0.434562 0.00857254 0.280642 0 0
v -0.432682 0.000660575 0.277627 0 0
v -0.435683 -0.0980787 0.26037 0 0
v -0.43641 -0.114282 0.257469 0 0
v -0.436263 0.136039 0.252702 0 0
v -0.46426 -0.274562 0.14057 0 0
v -0.420107 0.0696921 0.301759 0 0
v -0.416162 -0.13614 0.317704 0 0
v -0.451034 -0.216749 0.171066 0 0
v -0.421707 0.0138589 0.279282 0 0
v -0.422302 0.00594789 0.276855 0 0
v -0.435173 0.169272 0.213152 0 0
v -0.422521 -0.0405887 0.265102 0 0
v -0.422916 -0.0499507 0.26348 0 0
v -0.434321 0.18495 0.193894 0 0
v -0.41275 0.107302 0.283599 0 0
v -0.444692 -0.247524 0.150771 0 0
v -0.415555 -0.0259307 0.266402 0 0
v -0.406032 -0.114054 0.300694 0 0
v -0.445398 -0.273816 0.135939 0 0
v -0.446341 -0.278695 0.131992 0 0
v -0.40785 0.0440031 0.287587 0 0
v -0.402208 -0.143137 0.311277 0 0
v -0.4369 0.21245 0.159692 0 0
v -0.408974 0.117323 0.271737 0 0
v -0.429409 -0.196201 0.179482 0 0
v -0.408774 -0.0433447 0.261309 0 0
v -0.416171 0.158704 0.224052 0 0
v -0.418216 0.170995 0.209463 0 0
v -0.40724 0.130397 0.256458 0 0
v -0.406229 -0.0809781 0.255055 0 0
v -0.3966 0.0583428 0.290785 0 0
v -0.43042 -0.261964 0.138878 0 0
v -0.396995 0.0257617 0.277695 0 0
v -0.426358 0.225635 0.144133 0 0
v -0.393003 0.0570806 0.28932 0 0
v -0.398599 -0.0153051 0.264962 0 0
v -0.42813 -0.265169 0.136418 0 0
v -0.411813 0.182028 0.195395 0 0
v -0.416144 -0.204212 0.170264 0 0
v -0.39625 0.133424 0.25184 0 0
v -0.4045 -0.153147 0.209382 0 0
v -0.421233 -0.263896 0.135313 0 0
v -0.415755 -0.230188 0.153288 0 0
v -0.385689 0.0415357 0.280982 0 0
v -0.388908 -0.000664843 0.266635 0 0
v -0.389965 -0.0193316 0.261921 0 0
v -0.385831 0.0244867 0.27445 0 0
v -0.401278 -0.156244 0.205366 0 0
v -0.397409 0.163478 0.216548 0 0
v -0.389814 -0.0838671 0.250632 0 0
v -0.398919 0.174312 0.20359 0 0
v -0.391405 0.14534 0.237426 0 0
v -0.377975 0.0868232 0.297905 0 0
v -0.380798 0.0545877 0.28519 0 0
v -0.377585 0.076564 0.293766 0 0
v -0.404772 0.206258 0.164551 0 0
v -0.393285 -0.154972 0.204146 0 0
v -0.371641 0.0894812 0.297015 0 0
v -0.370544 0.0869178 0.296051 0 0
v -0.389905 0.175975 0.200674 0 0
v -0.372188 -0.119232 0.282433 0 0
v -0.400048 0.219565 0.147307 0 0
v -0.380476 0.143946 0.237949 0 0
v -0.369231 0.0977182 0.290029 0 0
v -0.366651 0.0908459 0.29592 0 0
v -0.374548 -0.0153558 0.25922 0 0
v -0.377082 -0.0840201 0.247441 0 0
v -0.372101 0.120484 0.264404 0 0
v -0.375511 -0.0732213 0.2485 0 0
v -0.375587 -0.0759237 0.248145 0 0
v -0.381765 0.16518 0.212937 0 0
v -0.371731 -0.0100107 0.259903 0 0
v -0.363927 0.0767197 0.290296 0 0
v -0.369946 0.127775 0.255735 0 0
v -0.365437 0.0442753 0.276996 0 0
v -0.386992 0.201573 0.168743 0 0
v -0.3646 0.0390406 0.274701 0 0
v -0.369111 -0.0355043 0.253355 0 0
v -0.389034 0.214713 0.152371 0 0
v -0.367835 -0.0355105 0.253049 0 0
v -0.361747 -0.119264 0.281966 0 0
v -0.388851 -0.218862 0.153238 0 0
v -0.376812 0.177689 0.197282 0 0
v -0.35541 0.0909796 0.293412 0 0
v -0.380527 -0.18711 0.172806 0 0
v -0.381623 -0.194677 0.167539 0 0
v -0.387571 0.234262 0.132103 0 0
v -0.375279 0.182437 0.191344 0 0
v -0.362518 0.135188 0.246361 0 0
v -0.361192 -0.028815 0.252776 0 0
v -0.385947 -0.251331 0.133024 0 0
v -0.35579 0.0390905 0.272497 0 0
v -0.358445 0.000667487 0.259606 0 0
v -0.361971 -0.0923464 0.242486 0 0
v -0.385813 -0.262238 0.126723 0 0
v -0.382903 -0.24835 0.133902 0 0
v -0.384104 -0.259181 0.128047 0 0
v -0.368508 -0.154179 0.197318 0 0
v -0.371579 -0.172195 0.182295 0 0
v -0.358375 0.145653 0.233629 0 0
v -0.351711 0.0259295 0.266475 0 0
v -0.356731 -0.0883398 0.241734 0 0
v -0.361095 -0.134982 0.21347 0 0
v -0.362195 -0.140892 0.20803 0 0
v -0.364619 -0.154289 0.196035 0 0
v -0.370359 0.206696 0.160655 0 0
v -0.377678 -0.262576 0.124305 0 0
v -0.355445 0.150198 0.227974 0 0
v -0.368157 -0.193582 0.164597 0 0
v -0.345896 -0.121495 0.268959 0 0
v -0.374443 -0.258013 0.126096 0 0
v -0.358509 0.174764 0.198926 0 0
v -0.349122 -0.0477605 0.246081 0 0
v -0.350391 -0.0911422 0.239706 0 0
v -0.372081 -0.248771 0.130739 0 0
v -0.369719 0.226694 0.135423 0 0
v -0.347279 -0.0329143 0.24859 0 0
v -0.369536 -0.238018 0.136345 0 0
v -0.372013 -0.272328 0.116567 0 0
v -0.363688 0.213392 0.151533 0 0
v -0.359631 -0.199952 0.15779 0 0
v -0.352965 -0.180342 0.170369 0 0
v -0.338626 -0.0844875 0.237693 0 0
v -0.33769 -0.0967729 0.235518 0 0
v -0.347114 -0.159297 0.186277 0 0
v -0.347684 -0.171394 0.175988 0 0
v -0.339875 0.164101 0.209753 0 0
v -0.346582 -0.172941 0.174422 0 0
v -0.357565 0.250223 0.108931 0 0
v -0.331676 -0.0275836 0.245851 0 0
v -0.332992 -0.0668686 0.23889 0 0
v -0.354107 -0.246367 0.127217 0 0
v -0.32931 -0.00335347 0.25127 0 0
v -0.344806 -0.179075 0.168979 0 0
v -0.346652 -0.192742 0.159176 0 0
v -0.325164 0.0432222 0.266225 0 0
v -0.323991 0.115093 0.265382 0 0
v -0.326484 0.00201117 0.252037 0 0
v -0.326279 -0.109206 0.253133 0 0
v -0.320819 0.0681326 0.275286 0 0
v -0.324342 0.0167187 0.256341 0 0
v -0.333309 -0.131262 0.208138 0 0
v -0.342644 -0.19287 0.157953 0 0
v -0.345189 -0.214231 0.144269 0 0
v -0.330495 0.158063 0.215906 0 0
v -0.340563 -0.186851 0.16156 0 0
v -0.317469 0.102303 0.279102 0 0
v -0.323013 -0.0370892 0.241736 0 0
v -0.324954 -0.101082 0.23117 0 0
v -0.320498 0.129677 0.248112 0 0
v -0.321823 -0.0398062 0.240867 0 0
v -0.342741 -0.242146 0.126529 0 0
v -0.330833 0.18457 0.184007 0 0
v -0.326122 0.162718 0.209865 0 0
v -0.333555 -0.174853 0.169065 0 0
v -0.31067 0.086407 0.280203 0 0
v -0.314418 0.0327101 0.259454 0 0
v -0.330071 -0.16889 0.172803 0 0
v -0.316844 -0.0452635 0.238544 0 0
v -0.317131 -0.0547711 0.236945 0 0
v -0.313491 -0.0235961 0.242189 0 0
v -0.334243 -0.239361 0.125831 0 0
v -0.33471 -0.244014 0.123214 0 0
v -0.318348 -0.127202 0.207244 0 0
v -0.317675 0.167451 0.203274 0 0
v -0.307406 0.022101 0.25378 0 0
v -0.301724 0.101015 0.278554 0 0
v -0.309243 -0.050751 0.235658 0 0
v -0.309363 -0.0548324 0.234972 0 0
v -0.30166 0.0709399 0.271354 0 0
v -0.299228 0.0878527 0.277724 0 0
v -0.299845 0.0787671 0.274173 0 0
v -0.306312 -0.039895 0.236945 0 0
v -0.324358 -0.222683 0.133077 0 0
v -0.298622 0.105279 0.273586 0 0
v -0.313799 -0.148202 0.185847 0 0
v -0.301427 0.0140979 0.249608 0 0
v -0.312397 0.187997 0.177787 0 0
v -0.311358 0.189614 0.175686 0 0
v -0.30845 0.175366 0.192727 0 0
v -0.297387 0.0394288 0.257547 0 0
v -0.298637 0.0181195 0.250222 0 0
v -0.301127 -0.0399247 0.235634 0 0
v -0.318247 0.238865 0.118411 0 0
v -0.311104 -0.177068 0.160643 0 0
v -0.311237 -0.189295 0.151471 0 0
v -0.292184 0.0407854 0.256689 0 0
v -0.29349 0.0181332 0.248898 0 0
v -0.29693 -0.109395 0.228376 0 0
v -0.295403 -0.0672297 0.229381 0 0
v -0.311218 0.229281 0.125971 0 0
v -0.29044 0.124091 0.251086 0 0
v -0.287221 0.106796 0.270473 0 0
v -0.292246 -0.010124 0.240211 0 0
v -0.292529 -0.0168897 0.238509 0 0
v -0.292466 -0.0549647 0.230713 0 0
v -0.297107 -0.124771 0.202637 0 0
v -0.299534 -0.14108 0.187958 0 0
v -0.303266 -0.168169 0.165378 0 0
v -0.291008 -0.0495188 0.231331 0 0
v -0.292019 -0.0946168 0.225186 0 0
v -0.303631 -0.181895 0.15461 0 0
v -0.286908 0.0208294 0.248078 0 0
v -0.30485 0.232781 0.120923 0 0
v -0.287021 -0.0468191 0.230816 0 0
v -0.281775 0.127101 0.246575 0 0
v -0.296055 -0.18672 0.148877 0 0
v -0.280897 -0.0182752 0.235188 0 0
v -0.273326 0.0764782 0.266039 0 0
v -0.272381 0.0712586 0.263588 0 0
v -0.277078 -0.0210011 0.233644 0 0
v -0.270098 0.105518 0.269677 0 0
v -0.269865 0.1041 0.271172 0 0
v -0.273515 0.0302412 0.247791 0 0
v -0.27336 0.00742456 0.240132 0 0
v -0.285593 0.206222 0.152256 0 0
v -0.271229 0.127202 0.245189 0 0
v -0.272129 0.00607729 0.239367 0 0
v -0.289302 0.233029 0.118921 0 0
v -0.271199 -0.00338154 0.236632 0 0
v -0.26582 0.0739498 0.262944 0 0
v -0.268859 -0.0101584 0.234234 0 0
v -0.273629 -0.116482 0.202905 0 0
v -0.264354 0.0555479 0.255025 0 0
v -0.270019 -0.109244 0.208562 0 0
v -0.283021 -0.221088 0.122302 0 0
v -0.286387 -0.260153 0.0999725 0 0
v -0.25961 0.0922912 0.268809 0 0
v -0.26576 -0.0346644 0.227799 0 0
v -0.268523 -0.107821 0.209378 0 0
v -0.259862 0.0436461 0.249222 0 0
v -0.268198 0.179031 0.183673 0 0
v -0.258782 0.0396576 0.247437 0 0
v -0.261131 -0.012887 0.231531 0 0
v -0.269934 0.196636 0.162371 0 0
v -0.278428 0.255043 0.0945951 0 0
v -0.255561 0.0516489 0.251082 0 0
v -0.259293 -0.0374308 0.225544 0 0
v -0.273758 -0.226085 0.116665 0 0
v -0.253115 0.0490117 0.249443 0 0
v -0.253882 0.0343447 0.244141 0 0
v -0.265778 -0.158621 0.161868 0 0
v -0.252167 0.0423641 0.246697 0 0
v -0.268978 -0.202989 0.129812 0 0
v -0.249999 0.118632 0.252456 0 0
v -0.247731 0.0530372 0.249537 0 0
v -0.244276 0.107162 0.26454 0 0
v -0.250015 -0.0347433 0.223766 0 0
v -0.264945 -0.220186 0.117699 0 0
v -0.244284 0.115784 0.254976 0 0
v -0.259492 -0.175601 0.146341 0 0
v -0.254474 0.187175 0.172168 0 0
v -0.24001 0.100392 0.26651 0 0
v -0.246658 -0.0580773 0.218496 0 0
v -0.257812 -0.186396 0.137934 0 0
v -0.246416 0.154439 0.210328 0 0
v -0.242259 0.00203576 0.23066 0 0
v -0.242498 -0.0047549 0.228918 0 0
v -0.246368 -0.120061 0.190515 0 0
v -0.235884 0.0808555 0.257698 0 0
v -0.240206 -0.0142899 0.225777 0 0
v -0.240639 -0.029313 0.222576 0 0
v -0.246313 -0.130483 0.180667 0 0
v -0.252425 0.225097 0.1249 0 0
v -0.235083 0.115867 0.253722 0 0
v -0.234764 0.0531413 0.246101 0 0
v -0.236259 0.0209857 0.234929 0 0
v -0.240959 0.171519 0.189436 0 0
v -0.24902 0.230253 0.118023 0 0
v -0.239595 0.171536 0.189254 0 0
v -0.239559 -0.118738 0.189522 0 0
v -0.229788 0.124665 0.243 0 0
v -0.228082 0.113038 0.25604 0 0
v -0.231525 0.00882646 0.229715 0 0
v -0.227186 0.115938 0.252647 0 0
v -0.242587 -0.185339 0.134194 0 0
v -0.2284 0.0210101 0.232881 0 0
v -0.23994 -0.171589 0.1436 0 0
v -0.245541 -0.258735 0.0889189 0 0
v -0.232109 0.176347 0.182617 0 0
v -0.242946 -0.242946 0.0977597 0 0
v -0.228877 0.163879 0.197088 0 0
v -0.236355 -0.193251 0.126866 0 0
v -0.224152 0.15012 0.212713 0 0
v -0.220248 0.057251 0.243842 0 0
v -0.225617 -0.101424 0.20103 0 0
v -0.231574 0.218669 0.130667 0 0
v -0.220337 -0.0665817 0.21029 0 0
v -0.225052 -0.132507 0.171993 0 0
v -0.230397 -0.205841 0.116844 0 0
v -0.223316 -0.141598 0.163209 0 0
v -0.23002 0.259416 0.0838885 0 0
v -0.227647 0.26301 0.0791085 0 0
v -0.220473 -0.169101 0.139642 0 0
v -0.225095 -0.229466 0.100642 0 0
v -0.214177 0.195799 0.15698 0 0
v -0.209289 -0.0973918 0.199046 0 0
v -0.201634 0.0931136 0.253383 0 0
v -0.204817 0.0183723 0.225811 0 0
v -0.218517 -0.215613 0.107139 0 0
v -0.220838 -0.250186 0.0870337 0 0
v -0.201171 0.119088 0.24574 0 0
v -0.21196 -0.150995 0.151657 0 0
v -0.19852 0.106278 0.257202 0 0
v -0.212736 0.225717 0.119737 0 0
v -0.198991 0.0332784 0.229217 0 0
v -0.210128 0.227458 0.117258 0 0
v -0.196585 0.0601239 0.238605 0 0
v -0.204646 -0.131508 0.166378 0 0
v -0.204427 0.195938 0.155668 0 0
v -0.195558 0.0183975 0.223382 0 0
v -0.198313 -0.0932833 0.198353 0 0
v -0.206628 -0.186469 0.122814 0 0
v -0.206281 0.241269 0.0994811 0 0
v -0.198169 0.179963 0.174215 0 0
v -0.205262 -0.228637 0.095408 0 0
v -0.191189 -0.0143906 0.213269 0 0
v -0.200724 -0.182019 0.124163 0 0
v -0.202994 0.252827 0.0892503 0 0
v -0.196059 0.196059 0.154534 0 0
v -0.190371 0.15051 0.208075 0 0
v -0.193601 -0.115322 0.177667 0 0
v -0.204229 -0.257313 0.0776329 0 0
v -0.183228 0.0973188 0.25004 0 0
v -0.184809 0.0225044 0.221914 0 0
v -0.185132 0.152097 0.205564 0 0
v -0.179623 0.128108 0.232679 0 0
v -0.190088 -0.170003 0.129717 0 0
v -0.194029 -0.230638 0.0909361 0 0
v -0.193753 0.260057 0.0791513 0 0
v -0.178117 0.126646 0.234168 0 0
v -0.18677 -0.145581 0.148382 0 0
v -0.178899 -0.00342718 0.21283 0 0
v -0.187982 -0.201047 0.107584 0 0
v -0.178574 0.166067 0.188303 0 0
v -0.178397 0.164514 0.190105 0 0
v -0.18656 -0.224603 0.0924455 0 0
v -0.172967 0.0184589 0.217448 0 0
v -0.17503 -0.0795593 0.196185 0 0
v -0.172741 0.150718 0.20559 0 0
v -0.174993 -0.10388 0.182199 0 0
v -0.179235 -0.154956 0.138137 0 0
v -0.168421 0.0737263 0.23642 0 0
v -0.169013 0.0576951 0.230219 0 0
v -0.172821 -0.0936982 0.190341 0 0
v -0.182297 -0.22476 0.0911155 0 0
v -0.18274 0.265602 0.0709841 0 0
v -0.174801 -0.133754 0.154792 0 0
v -0.16593 0.125294 0.234132 0 0
v -0.169651 0.172444 0.179668 0 0
v -0.167069 -0.0130631 0.207376 0 0
v -0.17255 0.211213 0.133202 0 0
v -0.16222 0.0989476 0.244957 0 0
v -0.173162 -0.167414 0.126583 0 0
v -0.161482 0.0831056 0.238329 0 0
v -0.161961 0.069799 0.233101 0 0
v -0.162431 0.056409 0.227974 0 0
v -0.159413 0.104257 0.246226 0 0
v -0.162795 -0.00206072 0.209019 0 0
v -0.173754 -0.225074 0.0884439 0 0
v -0.172467 0.248793 0.08646 0 0
v -0.159221 0.0724962 0.23343 0 0
v -0.162892 -0.0810994 0.192697 0 0
v -0.15827 0.0618135 0.228907 0 0
v -0.168289 0.250596 0.0838926 0 0
v -0.155521 0.128356 0.229263 0 0
v -0.164575 -0.164575 0.126183 0 0
v -0.16536 -0.176914 0.117238 0 0
v -0.159914 0.185275 0.163206 0 0
v -0.152374 0.0792347 0.23425 0 0
v -0.157392 -0.104229 0.176102 0 0
v -0.153331 -0.0770122 0.19101 0 0
v -0.150917 -0.0130933 0.203222 0 0
v -0.151547 -0.0491317 0.195725 0 0
v -0.161997 -0.247804 0.0713116 0 0
v -0.149042 0.0116761 0.20919 0 0
v -0.152668 0.196693 0.148567 0 0
v -0.149859 0.196735 0.148172 0 0
v -0.149076 0.188641 0.157855 0 0
v -0.14229 0.104526 0.241709 0 0
v -0.145364 -0.00482254 0.203723 0 0
v -0.149794 -0.131336 0.14898 0 0
v -0.148298 0.195129 0.149926 0 0
v -0.142381 0.146508 0.206588 0 0
v -0.148425 -0.152727 0.130453 0 0
v -0.141572 0.152622 0.19937 0 0
v -0.138984 0.0833903 0.232293 0 0
v -0.141905 -0.0394564 0.195146 0 0
v -0.149115 -0.189849 0.10344 0 0
v -0.143485 0.188722 0.157059 0 0
v -0.13878 -0.0144995 0.199757 0 0
v -0.138805 -0.0158831 0.199442 0 0
v -0.139955 -0.0870365 0.184523 0 0
v -0.143463 -0.140608 0.139019 0 0
v -0.141427 0.196861 0.146985 0 0
v -0.139828 0.179177 0.167935 0 0
v -0.137895 -0.0436553 0.193261 0 0
v -0.138593 -0.0870558 0.18412 0 0
v -0.140284 -0.113496 0.161956 0 0
v -0.134993 0.036318 0.213324 0 0
v -0.145388 -0.232473 0.0757527 0 0
v -0.141094 -0.201041 0.0938796 0 0
v -0.140026 0.244128 0.088503 0 0
v -0.138934 -0.216854 0.0833387 0 0
v -0.13948 -0.229515 0.0758026 0 0
v -0.12768 0.0594021 0.219746 0 0
v -0.130166 0.197028 0.145414 0 0
v -0.130104 -0.12726 0.146309 0 0
v -0.125604 -0.0409428 0.190642 0 0
v -0.131595 -0.181034 0.104342 0 0
v -0.132303 -0.196627 0.0941392 0 0
v -0.134159 -0.240893 0.0674047 0 0
v -0.129975 -0.209282 0.0853609 0 0
v -0.127396 0.232225 0.101903 0 0
v -0.122749 0.174654 0.171145 0 0
v -0.122503 0.171505 0.174804 0 0
v -0.119391 0.0689057 0.221175 0 0
v -0.128663 -0.212478 0.0830257 0 0
v -0.119801 0.154426 0.194427 0 0
v -0.118871 0.142233 0.208449 0 0
v -0.118155 0.0648829 0.219238 0 0
v -0.119997 -0.029826 0.191473 0 0
v -0.127412 -0.217263 0.0797287 0 0
v -0.119256 -0.0788067 0.181621 0 0
v -0.12346 -0.15956 0.117517 0 0
v -0.116715 0.149864 0.199314 0 0
v -0.124156 -0.207906 0.0845094 0 0
v -0.122113 -0.230164 0.0703599 0 0
v -0.109349 0.122932 0.22913 0 0
v -0.108778 0.0636247 0.216216 0 0
v -0.110386 -0.0256873 0.189844 0 0
v -0.113308 -0.126135 0.141933 0 0
v -0.110314 -0.0962613 0.167979 0 0
v -0.114368 0.251609 0.0761526 0 0
v -0.111485 0.212181 0.124644 0 0
v -0.105743 0.0784544 0.221233 0 0
v -0.106658 0.03647 0.205844 0 0
v -0.108232 -0.0761113 0.179369 0 0
v -0.112666 -0.17227 0.104781 0 0
v -0.113707 -0.198804 0.0872656 0 0
v -0.113748 0.2669 0.0615566 0 0
v -0.104451 0.130393 0.220001 0 0
v -0.106823 -0.07331 0.179574 0 0
v -0.111891 0.261572 0.067958 0 0
v -0.109583 0.225697 0.107806 0 0
v -0.105448 -0.0733246 0.179211 0 0
v -0.0992247 0.13344 0.215767 0 0
v -0.0978679 0.133456 0.215552 0 0
v -0.105483 -0.211704 0.0767059 0 0
v -0.104242 0.253581 0.0723798 0 0
v -0.104008 0.250062 0.0767009 0 0
v -0.0955523 0.0501822 0.207637 0 0
v -0.0971234 -0.0677768 0.178167 0 0
v -0.097687 -0.0920648 0.167595 0 0
v -0.101572 -0.181953 0.094718 0 0
v -0.103444 -0.23889 0.0595977 0 0
v -0.0940402 0.0583461 0.21025 0 0
v -0.100877 -0.203963 0.0801355 0 0
v -0.0955921 0.186228 0.153762 0 0
v -0.0940627 -0.0369283 0.183301 0 0
v -0.0956782 -0.108435 0.1521 0 0
v -0.0953763 0.205812 0.130228 0 0
v -0.0949731 0.199229 0.138133 0 0
v -0.0925911 0.159424 0.184829 0 0
v -0.092629 -0.0313407 0.184088 0 0
v -0.0897197 0.133552 0.214268 0 0
v -0.0897473 0.0705647 0.213719 0 0
v -0.0912828 -0.034144 0.183157 0 0
v -0.0951699 -0.16346 0.10579 0 0
v -0.096673 -0.208843 0.0758746 0 0
v -0.0977874 -0.245588 0.0536942 0 0
v -0.0939495 0.229412 0.101091 0 0
v -0.0878966 0.096073 0.223432 0 0
v -0.0871196 0.0665401 0.211407 0 0
v -0.088326 -0.0146051 0.186639 0 0
v -0.0856546 -0.0215878 0.184297 0 0
v -0.08906 0.245099 0.0809031 0 0
v -0.0843847 0.161098 0.181647 0 0
v -0.0838071 0.150299 0.194094 0 0
v -0.0843581 -0.0299786 0.182221 0 0
v -0.0877401 -0.155902 0.109344 0 0
v -0.0825435 0.0104046 0.191429 0 0
v -0.0889623 -0.245955 0.0507888 0 0
v -0.0820152 -0.0764074 0.172286 0 0
v -0.0828641 -0.139068 0.121254 0 0
v -0.0849859 -0.207661 0.0731474 0 0
v -0.0789178 -0.0384114 0.179058 0 0
v -0.0791613 -0.0679526 0.173441 0 0
v -0.0844036 -0.24126 0.0524803 0 0
v -0.0763956 0.0585011 0.205495 0 0
v -0.0744897 0.092258 0.218155 0 0
v -0.081091 -0.226906 0.060249 0 0
v -0.074784 -0.0398383 0.177679 0 0
v -0.0715083 0.121905 0.224312 0 0
v -0.0714713 0.112312 0.225229 0 0
v -0.0720428 0.0761595 0.211039 0 0
v -0.0765731 -0.165544 0.0985436 0 0
v -0.0743212 0.212862 0.118627 0 0
v -0.0709089 0.0612708 0.205006 0 0
v -0.0716505 0.00208688 0.186232 0 0
v -0.074272 0.241936 0.0826421 0 0
v -0.0689548 0.10036 0.219907 0 0
v -0.0708287 -0.0666211 0.171531 0 0
v -0.0749158 -0.214363 0.0660218 0 0
v -0.0693495 0.166018 0.173551 0 0
v -0.0692042 -0.0342526 0.177378 0 0
v -0.0725356 -0.176576 0.0896405 0 0
v -0.0683071 -0.128705 0.125257 0 0
v -0.070657 -0.220896 0.0607606 0 0
v -0.0693287 0.266133 0.0562989 0 0
v -0.0686296 -0.195558 0.0758979 0 0
v -0.065641 -0.134889 0.119239 0 0
v -0.0658802 -0.203562 0.0699699 0 0
v -0.0595552 0.0951513 0.21516 0 0
v -0.0620194 0.228378 0.0975709 0 0
v -0.0597326 -0.0709765 0.167717 0 0
v -0.0602842 -0.097164 0.150799 0 0
v -0.0613604 -0.134993 0.117784 0 0
v -0.0603999 -0.153547 0.102605 0 0
v -0.0585401 0.213202 0.115622 0 0
v -0.059987 -0.202179 0.0690466 0 0
v -0.0551879 -0.0118759 0.178553 0 0
v -0.0539098 -0.0287052 0.174523 0 0
v -0.0511515 0.119353 0.221737 0 0
v -0.0524056 -0.0104811 0.178138 0 0
v -0.0502396 0.0777682 0.205584 0 0
v -0.0509728 -0.0034913 0.179397 0 0
v -0.0500375 0.172665 0.162459 0 0
v -0.0497708 -0.0343489 0.172253 0 0
v -0.0509598 -0.118428 0.12859 0 0
v -0.0495058 0.246051 0.0734468 0 0
v -0.0458914 0.102057 0.214103 0 0
v -0.0454651 0.160177 0.176255 0 0
v -0.0447322 0.0818943 0.205653 0 0
v -0.0423916 0.0354421 0.188036 0 0
v -0.0426384 -0.002097 0.177483 0 0
v -0.0452871 -0.202679 0.0642691 0 0
v -0.040422 0.104823 0.213651 0 0
v -0.0391545 0.0941082 0.208956 0 0
v -0.0420747 -0.1838 0.0753758 0 0
v -0.0409452 -0.209193 0.058937 0 0
v -0.0368908 0.0313223 0.185147 0 0
v -0.0350766 0.0914742 0.206727 0 0
v -0.0336236 -0.105163 0.134709 0 0
v -0.0314053 0.020239 0.180337 0 0
v -0.0308236 -0.108241 0.130976 0 0
v -0.0301194 0.234344 0.084587 0 0
v -0.0285672 0.0327477 0.183298 0 0
v -0.0292902 -0.10073 0.137321 0 0
v -0.027175 0.151204 0.183211 0 0
v -0.0254708 0.219049 0.10253 0 0
v -0.0259759 -0.192222 0.0649049 0 0
v -0.0238904 0.21067 0.112401 0 0
v -0.0235659 -0.0978342 0.138043 0 0
v -0.0236005 -0.100839 0.135308 0 0
v -0.019876 0.118571 0.212977 0 0
v -0.015236 0.212579 0.108304 0 0
v -0.0147582 -0.0119472 0.167621 0 0
v -0.0147754 -0.0218113 0.165494 0 0
v -0.0156852 -0.206896 0.0525291 0 0
v -0.0132333 0.0480578 0.184004 0 0
v -0.0132599 0.0369881 0.180358 0 0
v -0.0143019 -0.231089 0.0373633 0 0
v -0.0127156 0.259547 0.0497662 0 0
v -0.01246 0.227944 0.0889674 0 0
v -0.0119735 -0.0274686 0.163582 0 0
v -0.0119829 -0.0345389 0.162144 0 0
v -0.0107854 -0.107134 0.125258 0 0
v -0.0108008 -0.110168 0.122569 0 0
v -0.00791346 -0.107192 0.124247 0 0
v -0.00812762 -0.170681 0.0734833 0 0
v -0.0063438 0.165644 0.162158 0 0
v -0.00624934 0.068743 0.189523 0 0
v -0.00632274 0.000702521 0.168259 0 0
v -0.00637331 -0.0701067 0.153609 0 0
v -0.00499055 -0.0876912 0.141124 0 0
v -0.00223656 0.252728 0.05619 0 0
v -0.00209912 0.153234 0.175641 0 0
v -0.00222987 -0.185077 0.0620056 0 0
v -0.000729947 0.219734 0.0965984 0 0
v -0.000689103 0.128874 0.203104 0 0
v -0.000701254 0.0189356 0.171418 0 0
v -0.000702132 0.0105329 0.16913 0 0
v -0.000742229 -0.180378 0.0645739 0 0
v 0.000710591 0.176926 0.147359 0 0
v 0.000693985 0.0770273 0.190655 0 0
v 0.00221703 -0.166275 0.0731692 0 0
v 0.00350963 0.0175481 0.169837 0 0
v 0.00514766 0.230175 0.0826011 0 0
v 0.00492205 0.159615 0.166637 0 0
v 0.00481595 0.124527 0.206159 0 0
v 0.00483311 0.102876 0.199768 0 0
v 0.00492611 0.000703723 0.165125 0 0
v 0.00515804 -0.156952 0.0787359 0 0
v 0.0066646 0.240663 0.0692533 0 0
v 0.00664213 0.235423 0.0757638 0 0
v 0.0132305 0.0703305 0.184394 0 0
v 0.013381 0.00492985 0.163731 0 0
v 0.0153467 -0.132273 0.0945722 0 0
v 0.017212 0.255186 0.0488009 0 0
v 0.0160544 0.0607274 0.180028 0 0
v 0.018818 0.264204 0.0373985 0 0
v 0.0173692 0.0840666 0.188504 0 0
v 0.0173847 0.0799694 0.186883 0 0
v 0.0179012 -0.0880737 0.133016 0 0
v 0.0202366 0.25708 0.0457798 0 0
v 0.0187517 0.0868133 0.189178 0 0
v 0.0192015 -0.0718276 0.145746 0 0
v 0.0200597 0.105832 0.196462 0 0
v 0.0212167 -0.132421 0.09244 0 0
v 0.0219138 -0.0148448 0.156874 0 0
v 0.0226706 -0.130905 0.0932157 0 0
v 0.0280367 0.276577 0.0242895 0 0
v 0.0265752 0.188899 0.127277 0 0
v 0.0258673 0.0608231 0.17716 0 0
v 0.0273224 0.149222 0.173358 0 0
v 0.0272489 0.0649781 0.178272 0 0
v 0.0274829 0.0162078 0.162628 0 0
v 0.0286458 0.144626 0.178303 0 0
v 0.0306533 0.176078 0.141307 0 0
v 0.0329984 -0.132727 0.0880419 0 0
v 0.0331707 0.0119978 0.159842 0 0
v 0.0335405 -0.0749309 0.139324 0 0
v 0.037871 -0.162622 0.0638655 0 0
v 0.0390512 -0.031951 0.148724 0 0
v 0.0417122 0.00919079 0.156643 0 0
v 0.0437586 -0.156492 0.0662072 0 0
v 0.043226 -0.00779486 0.152372 0 0
v 0.0454629 -0.169181 0.0567617 0 0
v 0.0472992 0.254515 0.042452 0 0
v 0.0445834 0.0049537 0.15485 0 0
v 0.0477828 0.221271 0.0832834 0 0
v 0.0463925 0.125329 0.194606 0 0
v 0.0467029 0.0913147 0.182524 0 0
v 0.0467728 0.0844702 0.179806 0 0
v 0.0495075 -0.144089 0.0733813 0 0
v 0.0482379 0.0789981 0.177206 0 0
v 0.053804 0.269019 0.0241462 0 0
v 0.0494688 0.0954539 0.183346 0 0
v 0.0502229 0.0148546 0.155654 0 0
v 0.0505539 -0.0434336 0.143498 0 0
v 0.0531363 0.00637633 0.152734 0 0
v 0.054504 0.0148647 0.154402 0 0
v 0.0579195 0.214815 0.0883998 0 0
v 0.0596149 -0.199974 0.0324433 0 0
v 0.0576728 -0.0320404 0.143544 0 0
v 0.0587722 -0.0994048 0.108153 0 0
v 0.0623878 0.253309 0.040161 0 0
v 0.0616241 -0.150719 0.0641522 0 0
v 0.066316 0.278222 0.0125402 0 0
v 0.0630406 0.194919 0.110702 0 0
v 0.0624734 0.0708968 0.169774 0 0
v 0.0655633 0.0514636 0.161867 0 0
v 0.0698084 -0.177899 0.0428524 0 0
v 0.0675405 -0.00355477 0.146298 0 0
v 0.0693309 -0.10728 0.0971612 0 0
v 0.0687774 0.0191442 0.151272 0 0
v 0.0723468 -0.108886 0.0946121 0 0
v 0.0714758 0.154982 0.154828 0 0
v 0.0722174 -0.0536268 0.135682 0 0
v 0.0745439 0.19034 0.11299 0 0
v 0.0719452 0.101282 0.178772 0 0
v 0.0797857 0.266712 0.0187709 0 0
v 0.0797704 0.236329 0.0561744 0 0
v 0.0777505 0.1662 0.140159 0 0
v 0.0761665 0.10272 0.17805 0 0
v 0.0852806 0.286573 -0.00320959 0 0
v 0.0778846 0.139631 0.170519 0 0
v 0.079232 0.13813 0.17181 0 0
v 0.0855442 -0.19607 0.0261623 0 0
v 0.0834496 0.192297 0.10798 0 0
v 0.0862173 -0.165687 0.0452282 0 0
v 0.083884 0.172787 0.130643 0 0
v 0.0869415 0.202376 0.0950691 0 0
v 0.0864892 0.194055 0.104979 0 0
v 0.0865647 -0.093839 0.103324 0 0
v 0.0906642 -0.120149 0.0781032 0 0
v 0.0872231 0.117926 0.18063 0 0
v 0.0956897 0.249396 0.0354592 0 0
v 0.0909071 -0.0350744 0.133649 0 0
v 0.095584 -0.172352 0.0376287 0 0
v 0.0944731 0.204325 0.0905086 0 0
v 0.0912614 0.149272 0.155423 0 0
v 0.0918804 0.0135327 0.142914 0 0
v 0.0919274 0.00926399 0.141962 0 0
v 0.0936717 -0.0193064 0.135613 0 0
v 0.101661 0.274408 0.00702858 0 0
v 0.0978745 0.211203 0.0812556 0 0
v 0.094207 0.0517076 0.153153 0 0
v 0.0973994 -0.103258 0.0905685 0 0
v 0.097621 -0.107897 0.086226 0 0
v 0.098947 0.20449 0.0889678 0 0
v 0.101751 0.225041 0.0634943 0 0
v 0.0975337 0.0234935 0.143763 0 0
v 0.0977858 0.00356878 0.138964 0 0
v 0.0989996 -0.0758757 0.115863 0 0
v 0.0970617 0.123597 0.179324 0 0
v 0.101733 -0.100269 0.0916978 0 0
v 0.108034 0.276598 0.00224626 0 0
v 0.100913 0.0769197 0.16003 0 0
v 0.102544 -0.0351374 0.130296 0 0
v 0.111565 0.282374 -0.00612378 0 0
v 0.110823 0.269797 0.00720572 0 0
v 0.102103 0.08802 0.164008 0 0
v 0.112274 -0.210036 0.00859404 0 0
v 0.106749 0.165496 0.132007 0 0
v 0.11354 -0.201933 0.0131676 0 0
v 0.106662 0.0769942 0.158248 0 0
v 0.108253 0.0700459 0.15521 0 0
v 0.117415 0.252252 0.0248964 0 0
v 0.109442 0.0811986 0.159014 0 0
v 0.110975 -0.0050118 0.13323 0 0
v 0.111135 -0.019359 0.130531 0 0
v 0.115511 -0.134887 0.0569204 0 0
v 0.112643 0.0673022 0.152838 0 0
v 0.114235 -0.0366413 0.126733 0 0
v 0.12123 0.241707 0.0367111 0 0
v 0.115483 -0.0164975 0.129788 0 0
v 0.119071 0.193582 0.0953382 0 0
v 0.120588 -0.0898925 0.0944619 0 0
v 0.125 -0.176515 0.0247368 0 0
v 0.118524 0.0631657 0.149492 0 0
v 0.119732 -0.00501875 0.13064 0 0
v 0.121731 -0.0525819 0.121927 0 0
v 0.123973 -0.0960975 0.0873295 0 0
v 0.132282 0.285451 -0.0169935 0 0
v 0.122394 0.0135994 0.133773 0 0
v 0.12355 -0.0657488 0.116152 0 0
v 0.125772 -0.100765 0.0822707 0 0
v 0.122456 0.0799858 0.154415 0 0
v 0.127185 -0.0992487 0.0831394 0 0
v 0.129915 -0.147938 0.0419958 0 0
v 0.130295 -0.155903 0.0362679 0 0
v 0.130429 0.222847 0.0567232 0 0
v 0.135803 0.269305 -0.000490904 0 0
v 0.13138 0.215998 0.0646678 0 0
v 0.128846 -0.0323914 0.12321 0 0
v 0.13309 -0.121193 0.0613918 0 0
v 0.13578 0.231801 0.0440531 0 0
v 0.130552 -0.0526534 0.119373 0 0
v 0.13254 -0.0673562 0.111601 0 0
v 0.135265 -0.107177 0.0727664 0 0
v 0.131521 0.0661158 0.146374 0 0
v 0.140927 -0.185109 0.0138118 0 0
v 0.13452 -0.0151065 0.124383 0 0
v 0.135889 0.0661657 0.144976 0 0
v 0.146711 -0.20816 -0.00275421 0 0
v 0.140446 0.181198 0.102627 0 0
v 0.139027 -0.0223308 0.121805 0 0
v 0.13938 0.0436009 0.136346 0 0
v 0.140709 -0.0396872 0.118576 0 0
v 0.152196 0.257739 0.00588667 0 0
v 0.150775 0.24321 0.0245019 0 0
v 0.141484 0.0746522 0.146241 0 0
v 0.147686 -0.110579 0.0649791 0 0
v 0.151468 0.234361 0.0351728 0 0
v 0.145589 0.0279702 0.130044 0 0
v 0.148785 0.0150941 0.125922 0 0
v 0.151809 -0.0843386 0.0878247 0 0
v 0.148249 0.091503 0.150538 0 0
v 0.150326 0.0719572 0.1424 0 0
v 0.151228 0.0394197 0.131255 0 0
v 0.154853 0.175209 0.104435 0 0
v 0.152888 0.0308647 0.128487 0 0
v 0.153985 0.0943781 0.149799 0 0
v 0.155416 0.0479855 0.132613 0 0
v 0.156525 -0.00649185 0.119282 0 0
v 0.168895 0.251432 0.00738335 0 0
v 0.157426 0.0790691 0.142694 0 0
v 0.159698 -0.0209558 0.115893 0 0
v 0.161381 -0.0722929 0.0960317 0 0
v 0.167206 -0.125217 0.0450066 0 0
v 0.167331 0.193868 0.0780202 0 0
v 0.160298 0.123578 0.158793 0 0
v 0.163342 0.077748 0.140217 0 0
v 0.170284 -0.104847 0.0611782 0 0
v 0.177209 0.241096 0.0169699 0 0
v 0.167137 0.0509303 0.129675 0 0
v 0.168276 0.000722204 0.116935 0 0
v 0.166781 0.104327 0.14955 0 0
v 0.18377 0.273716 -0.0217409 0 0
v 0.181897 0.254041 -0.00113392 0 0
v 0.167783 0.116811 0.154141 0 0
v 0.168036 0.109897 0.15136 0 0
v 0.172845 0.0580931 0.130012 0 0
v 0.180367 -0.114507 0.0486341 0 0
v 0.17427 0.100294 0.145374 0 0
v 0.179175 -0.0680134 0.0931742 0 0
v 0.178727 -0.000723638 0.113345 0 0
v 0.183591 -0.0818416 0.0775704 0 0
v 0.185076 -0.0973692 0.0620178 0 0
v 0.192242 0.247387 0.003016 0 0
v 0.181376 0.0166201 0.115894 0 0
v 0.185629 -0.0545967 0.101965 0 0
v 0.189129 -0.0912271 0.0661701 0 0
v 0.184199 0.0723894 0.131243 0 0
v 0.190211 -0.0865944 0.0702412 0 0
v 0.195977 -0.156324 0.0117433 0 0
v 0.200806 0.251585 -0.00602412 0 0
v 0.18536 0.117181 0.148287 0 0
v 0.189585 -0.0254233 0.106074 0 0
v 0.18946 0.0893681 0.135889 0 0
v 0.190658 0.0582766 0.124102 0 0
v 0.193161 0.0238738 0.113717 0 0
v 0.206728 -0.17445 -0.00375938 0 0
v 0.211285 0.234167 0.0112169 0 0
v 0.197864 0.100718 0.137538 0 0
v 0.201529 -0.0210987 0.103044 0 0
v 0.203327 -0.0400824 0.0998386 0 0
v 0.212335 -0.140795 0.0156603 0 0
v 0.206727 0.1773 0.0818158 0 0
v 0.204204 0.0555607 0.11862 0 0
v 0.213989 0.207983 0.0422975 0 0
v 0.225258 0.27863 -0.0464373 0 0
v 0.212308 -0.0761941 0.0712165 0 0
v 0.209695 0.0239444 0.108136 0 0
v 0.211664 0.00363678 0.103502 0 0
v 0.22455 -0.176708 -0.0119593 0 0
v 0.211386 0.0642095 0.118915 0 0
v 0.218298 0.182778 0.0705769 0 0
v 0.214153 0.0699421 0.119964 0 0
v 0.232554 0.257443 -0.027926 0 0
v 0.215896 0.0642634 0.117334 0 0
v 0.227798 -0.13485 0.0135466 0 0
v 0.225337 0.188153 0.0609466 0 0
v 0.234176 -0.175439 -0.0151122 0 0
v 0.222166 0.00801249 0.100773 0 0
v 0.235309 -0.168959 -0.01158 0 0
v 0.228758 0.19001 0.0571611 0 0
v 0.223419 0.0196492 0.102507 0 0
v 0.221185 0.126698 0.133638 0 0
v 0.226653 0.0109318 0.0997964 0 0
v 0.237855 -0.13996 0.00588214 0 0
v 0.237101 -0.114384 0.0249068 0 0
v 0.230283 -0.0197385 0.0938805 0 0
v 0.231733 0.0457653 0.105932 0 0
v 0.239391 0.177134 0.0675696 0 0
v 0.252482 0.247821 -0.0255654 0 0
v 0.238115 -0.0329697 0.089698 0 0
v 0.256892 0.26789 -0.0483401 0 0
v 0.236519 0.0759463 0.114108 0 0
v 0.237529 0.0530263 0.106052 0 0
v 0.243672 -0.0537404 0.0805492 0 0
v 0.239218 0.125715 0.12695 0 0
v 0.24527 -0.00366075 0.0910313 0 0
v 0.257037 -0.137342 -0.000551224 0 0
v 0.241891 0.12274 0.128503 0 0
v 0.250119 -0.0660553 0.0648403 0 0
v 0.250341 -0.0675996 0.0631222 0 0
v 0.258519 0.215814 0.0116537 0 0
v 0.255819 0.199976 0.0324227 0 0
v 0.253798 0.187915 0.0479666 0 0
v 0.255213 -0.0910939 0.0370778 0 0
v 0.252839 0.00219857 0.0891572 0 0
v 0.254877 -0.055408 0.0737612 0 0
v 0.250917 0.091834 0.114617 0 0
v 0.257367 -0.0615604 0.06615 0 0
v 0.264307 -0.0992098 0.0253832 0 0
v 0.254217 0.114506 0.122283 0 0
v 0.255087 0.0989996 0.115863 0 0
v 0.264264 -0.075611 0.0480766 0 0
v 0.270821 -0.128122 -0.000357389 0 0
v 0.281308 0.271799 -0.0661106 0 0
v 0.273103 0.223868 -0.00584865 0 0
v 0.261717 0.150285 0.0885512 0 0
v 0.262632 0.0387729 0.0925555 0 0
v 0.280033 -0.155919 -0.0225611 0 0
v 0.285606 0.255708 -0.0514472 0 0
v 0.266229 0.0227358 0.0877333 0 0
v 0.281528 0.224451 -0.0110769 0 0
v 0.279479 0.213629 0.00356567 0 0
v 0.2632 0.117539 0.119849 0 0
v 0.268524 -0.0110353 0.0818192 0 0
v 0.275131 -0.0836699 0.034624 0 0
v 0.276995 -0.0852874 0.0320882 0 0
v 0.273791 0.0286269 0.0861454 0 0
v 0.275016 -0.028755 0.0775812 0 0
v 0.275105 0.035947 0.0872127 0 0
v 0.275154 0.0344859 0.0868739 0 0
v 0.274734 0.134816 0.0999293 0 0
v 0.278123 0.0388932 0.0866355 0 0
v 0.287737 -0.0808081 0.0308864 0 0
v 0.282072 0.0110472 0.0797374 0 0
v 0.295944 -0.132132 -0.0146971 0 0
v 0.303493 0.249889 -0.0553586 0 0
v 0.297417 0.220166 -0.0142114 0 0
v 0.284703 0.154553 0.0718969 0 0
v 0.28247 0.078099 0.0969032 0 0
v 0.292788 0.171479 0.0475681 0 0
v 0.299878 0.199155 0.0104682 0 0
v 0.291238 0.0199074 0.0775685 0 0
v 0.302175 0.194092 0.0154274 0 0
v 0.298401 0.175132 0.04021 0 0
v 0.293791 0.151706 0.0704889 0 0
v 0.293823 -0.0318247 0.0702777 0 0
v 0.296098 0.0140296 0.0747361 0 0
v 0.309013 -0.11482 -0.00924277 0 0
v 0.303838 -0.0423442 0.0630498 0 0
v 0.301272 0.0769674 0.0887519 0 0
v 0.301047 0.104237 0.0994297 0 0
v 0.308578 0.0596535 0.0797825 0 0
v 0.31152 -0.0394047 0.0614769 0 0
v 0.320997 -0.0815835 0.0119935 0 0
v 0.326238 -0.118562 -0.0204701 0 0
v 0.335098 0.243204 -0.0655293 0 0
v 0.310097 0.12039 0.0975747 0 0
v 0.313853 0.049478 0.0745311 0 0
v 0.323507 0.176527 0.0245972 0 0
v 0.314901 0.0858822 0.0861109 0 0
v 0.322229 -0.0290229 0.0596695 0 0
v 0.329164 0.171771 0.0270199 0 0
v 0.332262 -0.0786736 0.00844979 0 0
v 0.326231 0.0569609 0.0712073 0 0
v 0.329289 0.0200695 0.0619154 0 0
v 0.331354 -0.000744664 0.0585265 0 0
v 0.338029 -0.0567162 0.0282799 0 0
v 0.34696 0.183054 0.00299025 0 0
v 0.332095 0.112165 0.0885451 0 0
v 0.341909 0.154047 0.040711 0 0
v 0.359296 0.219351 -0.0499136 0 0
v 0.34878 0.176298 0.0100833 0 0
v 0.340245 0.0305252 0.058778 0 0
v 0.341812 0.0320216 0.0583361 0 0
v 0.349679 -0.0632318 0.0136451 0 0
v 0.373111 0.255456 -0.101144 0 0
v 0.361882 0.208688 -0.037909 0 0
v 0.353985 0.17661 0.00655758 0 0
v 0.345717 0.00672017 0.0531213 0 0
v 0.351014 -0.0538272 0.0232902 0 0
v 0.360454 0.196118 -0.0211394 0 0
v 0.349608 0.151121 0.039678 0 0
v 0.341884 0.10955 0.0829865 0 0
v 0.347434 0.134658 0.0602115 0 0
v 0.365605 -0.118215 -0.0412407 0 0
v 0.354232 0.156345 0.0306915 0 0
v 0.353027 0.151297 0.0373855 0 0
v 0.346523 0.0908791 0.0735476 0 0
v 0.370142 -0.126524 -0.049022 0 0
v 0.357671 0.156528 0.0283858 0 0
v 0.350568 0.101111 0.0756767 0 0
v 0.352652 0.0735001 0.0642368 0 0
v 0.382134 0.241137 -0.0888019 0 0
v 0.372629 -0.105461 -0.0368438 0 0
v 0.362845 0.156804 0.0249175 0 0
v 0.364152 0.1552 0.0260435 0 0
v 0.363866 -0.0431193 0.0275943 0 0
v 0.362485 0.0941424 0.0672258 0 0
v 0.365107 0.0574912 0.0532503 0 0
v 0.367137 -0.00825871 0.0424253 0 0
v 0.401017 0.248712 -0.112309 0 0
v 0.381521 -0.0655138 -0.00961566 0 0
v 0.37197 0.0531385 0.0485804 0 0
v 0.373028 0.0277707 0.0430266 0 0
v 0.400639 0.22471 -0.0850439 0 0
v 0.376373 0.135975 0.0412427 0 0
v 0.376467 0.0232943 0.0407584 0 0
v 0.404493 0.225074 -0.088424 0 0
v 0.375671 0.119768 0.0603852 0 0
v 0.377149 0.0754298 0.0527542 0 0
v 0.389179 0.165036 -0.00143242 0 0
v 0.381202 0.0323307 0.0395936 0 0
v 0.39873 -0.103025 -0.0505507 0 0
v 0.383536 0.0022605 0.0353374 0 0
v 0.396601 -0.0786969 -0.0315869 0 0
v 0.408668 0.214292 -0.0770774 0 0
v 0.392209 0.156731 0.00657475 0 0
v 0.389277 -0.0264557 0.0291637 0 0
v 0.399455 0.163938 -0.00678229 0 0
v 0.395177 -0.0357868 0.0147088 0 0
v 0.393889 0.0489537 0.0363163 0 0
v 0.407438 -0.0693345 -0.0312293 0 0
v 0.39265 0.109525 0.0573512 0 0
v 0.397647 0.039991 0.0326298 0 0
v 0.420513 0.204295 -0.0726366 0 0
v 0.404688 -0.0374854 0.00535989 0 0
v 0.415241 -0.0824202 -0.0466516 0 0
v 0.396086 0.112635 0.0551143 0 0
v 0.397736 0.0891349 0.0470084 0 0
v 0.431722 0.230846 -0.111915 0 0
v 0.43265 0.224008 -0.108543 0 0
v 0.407369 0.129239 0.0293988 0 0
v 0.405989 0.124282 0.036074 0 0
v 0.410694 0.0521877 0.0279475 0 0
v 0.413365 0.0280633 0.0224091 0 0
v 0.426627 -0.0649725 -0.0410368 0 0
v 0.428512 -0.0569788 -0.0351186 0 0
v 0.426724 0.158763 -0.0192726 0 0
v 0.416966 0.0612962 0.0269037 0 0
v 0.418569 0.0250686 0.0193154 0 0
v 0.440845 0.196905 -0.078547 0 0
v 0.420778 -0.0114135 0.0160644 0 0
v 0.420078 0.06585 0.0265045 0 0
v 0.422602 -0.0159904 0.0146449 0 0
v 0.44547 0.199142 -0.0852695 0 0
v 0.432347 0.159122 -0.0238438 0 0
v 0.429632 0.15041 -0.0111339 0 0
v 0.427244 0.0629862 0.0213608 0 0
v 0.442417 -0.0605082 -0.0489118 0 0
v 0.433334 0.13882 0.000257254 0 0
v 0.455471 0.189048 -0.079813 0 0
v 0.453516 0.183471 -0.070884 0 0
v 0.437708 0.0236805 0.00827456 0 0
v 0.454389 0.169313 -0.0532932 0 0
v 0.439672 0.124205 0.0132072 0 0
v 0.461471 -0.0919744 -0.0852993 0 0
v 0.439409 0.1021 0.0280689 0 0
v 0.449813 0.133022 -0.0048213 0 0
v 0.450593 0.129728 -0.00145316 0 0
v 0.448957 0.124668 0.00581181 0 0
v 0.463678 -0.0529241 -0.0595751 0 0
v 0.448808 0.0784841 0.0132453 0 0
v 0.477584 -0.0842795 -0.0928202 0 0
v 0.490394 0.216036 -0.141757 0 0
v 0.483471 0.189676 -0.104471 0 0
v 0.481781 0.174975 -0.0832045 0 0
v 0.464196 0.0315622 -0.00716925 0 0
v 0.493275 0.188724 -0.111887 0 0
v 0.485153 0.14704 -0.0501823 0 0
v 0.480476 0.037912 -0.017344 0 0
v 0.482739 -0.000774911 -0.0203352 0 0
v 0.484408 -0.00699789 -0.0273209 0 0
v 0.478939 0.108048 0.00198281 0 0
v 0.48282 0.0641185 -0.0142097 0 0
v 0.483269 0.0793886 -0.00965118 0 0
v 0.49286 -0.00702973 -0.0365424 0 0
v 0.494608 0.0566819 -0.0245142 0 0
v 0.515296 -0.0524166 -0.102592 0 0
v 0.512601 0.150671 -0.0785849 0 0
v 0.502786 0.120825 -0.0324645 0 0
v 0.537868 0.203675 -0.167557 0 0
v 0.51259 -0.00710837 -0.0593269 0 0
v 0.538393 0.194351 -0.156341 0 0
v 0.503151 0.10434 -0.015193 0 0
v 0.514086 -0.00552785 -0.0589883 0 0
v 0.52574 -0.0428022 -0.105665 0 0
v 0.518024 0.138827 -0.068408 0 0
v 0.525685 -0.0330063 -0.0989974 0 0
v 0.510955 0.111212 -0.0277619 0 0
v 0.534262 -0.0168715 -0.0947506 0 0
v 0.538603 -0.0250326 -0.105437 0 0
v 0.522308 0.0882225 -0.0356367 0 0
v 0.552985 0.160913 -0.129728 0 0
v 0.533346 0.0793342 -0.0480402 0 0
v 0.53925 0.094977 -0.0465977 0 0
v 0.568486 0.165843 -0.151296 0 0
v 0.553706 0.123845 -0.0832694 0 0
v 0.560251 0.00564281 -0.10183 0 0
v 0.58424 0.179702 -0.179282 0 0
v 0.57399 0.153557 -0.14105 0 0
v 0.571226 -0.00570417 -0.12466 0 0
v 0.575217 0.146464 -0.133419 0 0
v 0.570054 0.135418 -0.114269 0 0
v 0.564237 0.0168548 -0.092694 0 0
v 0.589535 0.176442 -0.180319 0 0
v 0.568988 0.0742158 -0.080718 0 0
v 0.573284 0.0233172 -0.0964265 0 0
v 0.57263 0.079066 -0.0823526 0 0
v 0.579965 0.0297624 -0.0973268 0 0
v 0.585819 0.0346495 -0.101012 0 0
v 0.58447 0.0873899 -0.0904226 0 0
v 0.594411 0.0477147 -0.108625 0 0
v 0.596092 0.0671311 -0.108848 0 0
v 0.612773 0.017366 -0.15616 0 0
v 0.623639 0.148565 -0.188488 0 0
v 0.599575 0.091187 -0.104039 0 0
v 0.616471 0.0223419 -0.157524 0 0
v 0.631745 0.159839 -0.20506 0 0
v 0.639402 0.160487 -0.214003 0 0
v 0.64413 0.112494 -0.172668 0 0
v 0.660871 0.0910681 -0.178408 0 0
