v -0.695234 0.0334944 0.275677 0 0
v -0.701698 -0.0129655 0.294316 0 0
v -0.699822 0.0388409 0.263069 0 0
v -0.683227 -0.0253355 0.285194 0 0
v -0.696381 -0.0914441 0.260122 0 0
v -0.695739 0.0431727 0.287671 0 0
v -0.688339 0.0768145 0.253489 0 0
v -0.681518 0.0177465 0.283645 0 0
v -0.680267 0.036506 0.277391 0 0
v -0.684615 0.0184026 0.289054 0 0
v -0.672741 -0.0229931 0.298621 0 0
v -0.691285 -0.0436663 0.280533 0 0
v -0.670263 -0.0910402 0.274382 0 0
v -0.69324 -0.0720572 0.279183 0 0
v -0.693899 -0.102655 0.27234 0 0
v -0.673459 0.0456334 0.264537 0 0
v -0.673673 0.0176493 0.278281 0 0
v -0.693613 -0.112935 0.265204 0 0
v -0.673935 0.0675871 0.25485 0 0
v -0.670832 -0.0422889 0.284804 0 0
v -0.685404 0.0651958 0.254356 0 0
v -0.673486 -0.00530538 0.27005 0 0
v -0.709595 -0.197069 0.247374 0 0
v -0.671498 0.161244 0.238623 0 0
v -0.671472 0.067862 0.261782 0 0
v -0.6609 -0.0759056 0.281665 0 0
v -0.687156 0.176635 0.253359 0 0
v -0.676332 0.127761 0.249278 0 0
v -0.665901 -0.121664 0.255163 0 0
v -0.652836 0.0103757 0.278897 0 0
v -0.693491 0.209519 0.179065 0 0
v -0.663578 0.118881 0.252486 0 0
v -0.654178 0.130286 0.245579 0 0
v -0.671689 -0.207659 0.240877 0 0
v -0.663967 -0.188786 0.257427 0 0
v -0.658086 -0.137338 0.242561 0 0
v -0.658871 0.0122731 0.269876 0 0
v -0.72435 -0.270972 0.115656 0 0
v -0.652541 -0.0487158 0.288713 0 0
v -0.652753 -0.101739 0.267962 0 0
v -0.659766 -0.12015 0.259465 0 0
v -0.683433 -0.232454 0.208991 0 0
v -0.647229 0.165821 0.246932 0 0
v -0.644153 0.136338 0.260525 0 0
v -0.705704 -0.24549 0.153013 0 0
v -0.661191 0.130609 0.253826 0 0
v -0.660485 0.169155 0.255931 0 0
v -0.644056 0.151748 0.230138 0 0
v -0.644542 -0.00362327 0.274717 0 0
v -0.612772 -0.00576037 0.284364 0 0
v -0.694976 -0.268492 0.107463 0 0
v -0.698609 -0.244469 0.159413 0 0
v -0.705343 -0.285921 0.0407031 0 0
v -0.625372 -0.0179532 0.282221 0 0
v -0.609263 0.00524362 0.290781 0 0
v -0.654929 0.0851567 0.239141 0 0
v -0.653283 -0.227057 0.222057 0 0
v -0.615446 -0.0388753 0.290632 0 0
v -0.631724 -0.123688 0.236643 0 0
v -0.632817 -0.0751504 0.269533 0 0
v -0.620309 -0.156649 0.261537 0 0
v -0.657053 -0.230484 0.22129 0 0
v -0.676436 0.219797 0.156876 0 0
v -0.645869 0.163153 0.238681 0 0
v -0.644458 -0.209196 0.25529 0 0
v -0.621514 0.0417417 0.257268 0 0
v -0.641272 0.113019 0.253455 0 0
v -0.635186 -0.0900121 0.275243 0 0
v -0.634959 0.0537562 0.247072 0 0
v -0.614641 -0.126027 0.252158 0 0
v -0.64337 0.114611 0.241121 0 0
v -0.631556 -0.188019 0.25128 0 0
v -0.646374 0.176061 0.241146 0 0
v -0.645239 0.123953 0.228529 0 0
v -0.62373 -0.0691001 0.256573 0 0
v -0.634566 -0.155262 0.248361 0 0
v -0.636963 -0.211648 0.232892 0 0
v -0.625884 -0.174706 0.25312 0 0
v -0.631273 0.141079 0.243421 0 0
v -0.591993 -0.084022 0.244969 0 0
v -0.62034 -0.197479 0.242882 0 0
v -0.63195 0.166167 0.233049 0 0
v -0.629059 -0.129706 0.251241 0 0
v -0.633 -0.171298 0.233153 0 0
v -0.626263 -0.211301 0.21979 0 0
v -0.691007 -0.284516 0.0555718 0 0
v -0.612052 -0.0700598 0.266059 0 0
v -0.611185 -0.00741863 0.291442 0 0
v -0.619888 -0.0994334 0.237884 0 0
v -0.62619 -0.138909 0.241597 0 0
v -0.635251 -0.225712 0.212431 0 0
v -0.624249 0.0405704 0.265735 0 0
v -0.59099 0.0480323 0.257004 0 0
v -0.632128 -0.084084 0.258865 0 0
v -0.628394 0.184821 0.238014 0 0
v -0.60649 0.0830551 0.237526 0 0
v -0.598799 0.0458014 0.252767 0 0
v -0.655636 0.194796 0.124455 0 0
v -0.674013 -0.284877 0.0455774 0 0
v -0.603741 -0.103701 0.26049 0 0
v -0.6067 0.159835 0.226814 0 0
v -0.621466 0.165253 0.233567 0 0
v -0.642281 0.16122 0.234165 0 0
v -0.584575 0.00534185 0.265371 0 0
v -0.634821 -0.246515 0.162096 0 0
v -0.586957 0.000980838 0.248801 0 0
v -0.586759 0.106683 0.248553 0 0
v -0.605349 -0.00269018 0.279502 0 0
v -0.620804 0.187961 0.199588 0 0
v -0.626588 -0.204037 0.248062 0 0
v -0.582065 0.19541 0.236279 0 0
v -0.60424 0.127171 0.227158 0 0
v -0.602248 -0.0607516 0.258382 0 0
v -0.604584 -0.178696 0.235582 0 0
v -0.595894 -0.0125983 0.271264 0 0
v -0.5865 -0.0614456 0.258637 0 0
v -0.603478 -0.197646 0.215959 0 0
v -0.597192 -0.152121 0.236376 0 0
v -0.641797 0.222998 0.140345 0 0
v -0.588125 -0.0505128 0.266727 0 0
v -0.604306 -0.138486 0.235761 0 0
v -0.641448 -0.253216 0.138371 0 0
v -0.567464 -0.0750325 0.257152 0 0
v -0.596913 -0.224131 0.187793 0 0
v -0.643013 0.203977 0.11671 0 0
v -0.593311 -0.102175 0.256162 0 0
v -0.609224 -0.109181 0.232146 0 0
v -0.643384 -0.278352 0.0417668 0 0
v -0.593312 0.0334224 0.253322 0 0
v -0.585153 -0.139199 0.234121 0 0
v -0.580574 0.0216427 0.2621 0 0
v -0.612134 -0.207445 0.235136 0 0
v -0.594644 0.148444 0.236221 0 0
v -0.582783 0.0385157 0.241766 0 0
v -0.579203 0.00152162 0.26593 0 0
v -0.592844 -0.167205 0.226967 0 0
v -0.586238 0.155203 0.225201 0 0
v -0.622366 0.211195 0.152598 0 0
v -0.578195 0.0277236 0.2522 0 0
v -0.571626 -0.050059 0.247453 0 0
v -0.628566 0.21106 0.124759 0 0
v -0.590337 0.149091 0.22081 0 0
v -0.573109 0.101462 0.243262 0 0
v -0.565484 -0.0303543 0.262059 0 0
v -0.570135 -0.221287 0.228391 0 0
v -0.61203 0.208905 0.134136 0 0
v -0.569469 0.125957 0.238747 0 0
v -0.581554 0.188666 0.173172 0 0
v -0.590762 0.139429 0.230986 0 0
v -0.566752 -0.0517547 0.262304 0 0
v -0.545432 -0.00629916 0.331919 0 0
v -0.593744 -0.0930522 0.231826 0 0
v -0.566151 -0.0919423 0.252478 0 0
v -0.568588 0.0452559 0.264583 0 0
v -0.552613 -0.0875958 0.257636 0 0
v -0.560169 -0.0626116 0.247066 0 0
v -0.580254 -0.16592 0.230154 0 0
v -0.568687 -0.179887 0.229214 0 0
v -0.557227 -0.0012077 0.263572 0 0
v -0.551797 -0.0699783 0.230568 0 0
v -0.567244 -0.128862 0.242809 0 0
v -0.562547 0.127406 0.211995 0 0
v -0.564581 -0.0442672 0.256776 0 0
v -0.572738 0.189733 0.221807 0 0
v -0.53895 -0.00259214 0.336339 0 0
v -0.57002 -0.189498 0.231651 0 0
v -0.59864 0.228705 0.0701963 0 0
v -0.564303 0.189127 0.237958 0 0
v -0.55352 -0.043902 0.251637 0 0
v -0.548936 -0.0181789 0.248944 0 0
v -0.572974 0.11198 0.222499 0 0
v -0.561797 0.09597 0.249198 0 0
v -0.553341 0.0231668 0.266512 0 0
v -0.538042 -0.0396017 0.261152 0 0
v -0.57139 0.15243 0.226978 0 0
v -0.561669 0.0434166 0.267721 0 0
v -0.554875 0.0261357 0.278417 0 0
v -0.575176 -0.179339 0.243517 0 0
v -0.583358 -0.236305 0.174671 0 0
v -0.564865 -0.158619 0.235033 0 0
v -0.546728 0.0324385 0.24952 0 0
v -0.533776 -0.0928706 0.23316 0 0
v -0.542936 -0.189545 0.24072 0 0
v -0.532108 0.0912248 0.221248 0 0
v -0.566126 -0.151962 0.244174 0 0
v -0.547503 0.138775 0.241154 0 0
v -0.538051 -0.0934645 0.234237 0 0
v -0.533666 -0.203744 0.225437 0 0
v -0.537826 -0.146569 0.238206 0 0
v -0.597676 -0.251289 0.101785 0 0
v -0.548972 -0.125145 0.227569 0 0
v -0.606118 -0.264287 0.0621971 0 0
v -0.551218 -0.0942812 0.22838 0 0
v -0.520685 -0.206667 0.246178 0 0
v -0.543459 0.0451038 0.247958 0 0
v -0.539733 0.0951229 0.226194 0 0
v -0.534424 0.0327057 0.250236 0 0
v -0.528685 -0.192391 0.219803 0 0
v -0.562848 -0.229909 0.122224 0 0
v -0.574193 -0.26721 0.0863538 0 0
v -0.542236 -0.102796 0.246137 0 0
v -0.531868 -0.178924 0.229365 0 0
v -0.542777 0.133073 0.230029 0 0
v -0.549116 -0.233635 0.184456 0 0
v -0.517448 0.167317 0.243191 0 0
v -0.51882 0.097809 0.230539 0 0
v -0.524587 0.0612771 0.227927 0 0
v -0.528208 0.0901814 0.235798 0 0
v -0.513429 -0.119317 0.242254 0 0
v -0.509613 -0.0708256 0.24328 0 0
v -0.523914 -0.0657912 0.259152 0 0
v -0.522635 -0.16431 0.245594 0 0
v -0.581383 -0.261511 0.0591526 0 0
v -0.556794 0.186246 0.168008 0 0
v -0.522891 0.156483 0.217827 0 0
v -0.493761 -0.0347048 0.259653 0 0
v -0.509985 -0.0405676 0.264565 0 0
v -0.500736 0.0990079 0.224271 0 0
v -0.518389 -0.189288 0.22284 0 0
v -0.514182 -0.0299471 0.257707 0 0
v -0.531268 -0.0294242 0.253946 0 0
v -0.503916 -0.0927148 0.239825 0 0
v -0.510542 -0.185635 0.236032 0 0
v -0.492739 -0.115228 0.231574 0 0
v -0.511682 0.0490025 0.231173 0 0
v -0.504971 -0.0188201 0.260994 0 0
v -0.509425 0.0676771 0.245937 0 0
v -0.502316 0.0370989 0.258524 0 0
v -0.520979 0.195639 0.181385 0 0
v -0.508139 -0.126013 0.224703 0 0
v -0.503613 -0.183027 0.227276 0 0
v -0.494904 0.107254 0.212972 0 0
v -0.510937 -0.181609 0.233583 0 0
v -0.499518 0.145135 0.214049 0 0
v -0.471514 -0.0324435 0.251541 0 0
v -0.508272 -0.208833 0.190842 0 0
v -0.486022 0.179303 0.213782 0 0
v -0.491472 0.139627 0.205146 0 0
v -0.478588 0.0718712 0.21908 0 0
v -0.48624 -0.0259652 0.244395 0 0
v -0.49126 0.173812 0.22226 0 0
v -0.487347 0.121895 0.220391 0 0
v -0.501783 -0.0999268 0.212658 0 0
v -0.500866 0.122622 0.193695 0 0
v -0.48017 -0.0192879 0.26233 0 0
v -0.53888 -0.282684 0.0150533 0 0
v -0.481104 -0.0679891 0.256613 0 0
v -0.482155 -0.137697 0.211909 0 0
v -0.476423 0.117088 0.211048 0 0
v -0.482949 0.168091 0.196653 0 0
v -0.493446 0.0952867 0.231465 0 0
v -0.470383 -0.0657851 0.232712 0 0
v -0.495806 -0.128431 0.224446 0 0
v -0.496911 0.211604 0.136053 0 0
v -0.481731 0.182015 0.214542 0 0
v -0.470206 -0.167276 0.226645 0 0
v -0.474501 -0.10487 0.229559 0 0
v -0.467063 0.185137 0.216881 0 0
v -0.457645 -0.043754 0.229987 0 0
v -0.484152 -0.212596 0.231236 0 0
v -0.472737 0.0385599 0.23602 0 0
v -0.449666 -0.0576169 0.25195 0 0
v -0.465464 -0.158646 0.234623 0 0
v -0.476295 0.0420339 0.242059 0 0
v -0.492588 -0.138362 0.231056 0 0
v -0.481973 -0.186322 0.206417 0 0
v -0.473929 -0.197645 0.231036 0 0
v -0.483105 0.0131092 0.247425 0 0
v -0.491836 0.191367 0.162335 0 0
v -0.471516 0.189836 0.22049 0 0
v -0.464488 -0.0663808 0.230216 0 0
v -0.480954 -0.14531 0.238036 0 0
v -0.493198 0.195125 0.110487 0 0
v -0.489119 0.219918 0.0811378 0 0
v -0.47964 0.164018 0.204178 0 0
v -0.469109 0.0804141 0.220377 0 0
v -0.48432 -0.0857145 0.225546 0 0
v -0.476111 -0.163433 0.241208 0 0
v -0.485748 0.218475 0.0635166 0 0
v -0.449606 -0.00478631 0.295002 0 0
v -0.490316 0.206643 0.144851 0 0
v -0.453533 -0.100715 0.232386 0 0
v -0.462992 -0.188315 0.224742 0 0
v -0.423345 -0.00762042 0.315852 0 0
v -0.45945 -0.127222 0.219101 0 0
v -0.465174 0.219996 0.0999826 0 0
v -0.468068 -0.118846 0.213701 0 0
v -0.436489 0.0589126 0.233421 0 0
v -0.455788 -0.0770558 0.232296 0 0
v -0.47418 0.112836 0.208644 0 0
v -0.466611 -0.213026 0.200422 0 0
v -0.443763 -0.106303 0.210865 0 0
v -0.460908 -0.213978 0.160259 0 0
v -0.451428 -0.170391 0.221694 0 0
v -0.463335 0.172471 0.202435 0 0
v -0.45435 0.0302593 0.252507 0 0
v -0.507814 0.240069 0.0117296 0 0
v -0.453122 0.20062 0.21949 0 0
v -0.431231 0.0410028 0.231997 0 0
v -0.438759 -0.132486 0.227124 0 0
v -0.467352 0.191775 0.216695 0 0
v -0.45142 0.152652 0.220917 0 0
v -0.434627 -0.138169 0.208375 0 0
v -0.441155 0.174713 0.218523 0 0
v -0.432255 -0.135286 0.225725 0 0
v -0.444197 0.129695 0.208533 0 0
v -0.437145 0.078951 0.233744 0 0
v -0.419952 -0.0395642 0.280254 0 0
v -0.426507 -0.147401 0.20552 0 0
v -0.411143 -0.0332161 0.320787 0 0
v -0.440082 -0.0317148 0.239174 0 0
v -0.44194 -0.153707 0.219901 0 0
v -0.419614 0.0689364 0.21408 0 0
v -0.491914 0.208745 0.116254 0 0
v -0.437691 0.0994985 0.204705 0 0
v -0.435809 -0.0557971 0.221808 0 0
v -0.429744 -0.115667 0.22925 0 0
v -0.42443 -0.163814 0.203068 0 0
v -0.47859 -0.286542 0.0217447 0 0
v -0.435734 0.127725 0.206861 0 0
v -0.428484 -0.188968 0.219406 0 0
v -0.434875 0.141192 0.206625 0 0
v -0.429384 0.00269794 0.233794 0 0
v -0.488289 0.239918 -0.00504938 0 0
v -0.426423 0.135395 0.211988 0 0
v -0.420731 0.0560438 0.211849 0 0
v -0.406438 0.031751 0.240723 0 0
v -0.427125 -0.131934 0.235775 0 0
v -0.449935 -0.221714 0.174119 0 0
v -0.432977 -0.036634 0.237681 0 0
v -0.413541 -0.0328518 0.239092 0 0
v -0.425392 -0.207917 0.183223 0 0
v -0.42126 0.102824 0.234913 0 0
v -0.423305 -0.196167 0.220534 0 0
v -0.427017 0.163004 0.214227 0 0
v -0.417391 0.143426 0.178112 0 0
v -0.414665 -0.108321 0.220845 0 0
v -0.420963 -0.216855 0.221806 0 0
v -0.451206 0.218217 0.106585 0 0
v -0.396779 -0.208013 0.2061 0 0
v -0.427493 0.140848 0.197137 0 0
v -0.402529 -0.0306741 0.23765 0 0
v -0.406821 0.086503 0.211148 0 0
v -0.435188 -0.118011 0.201746 0 0
v -0.41188 -0.131111 0.222195 0 0
v -0.432827 0.101071 0.189327 0 0
v -0.413246 -0.0567458 0.228058 0 0
v -0.397468 -0.122877 0.219088 0 0
v -0.420649 0.195824 0.190966 0 0
v -0.426143 0.0734049 0.210033 0 0
v -0.421413 0.0507853 0.233712 0 0
v -0.401188 -0.153588 0.194919 0 0
v -0.411805 -0.146066 0.203553 0 0
v -0.421255 0.0954933 0.209432 0 0
v -0.391625 -0.169198 0.214446 0 0
v -0.413226 -0.146339 0.204635 0 0
v -0.395798 0.135558 0.21476 0 0
v -0.398192 -0.131216 0.211666 0 0
v -0.408247 0.070159 0.221564 0 0
v -0.432607 0.228048 0.00316972 0 0
v -0.421511 0.188088 0.193398 0 0
v -0.389615 0.0383103 0.216165 0 0
v -0.397467 0.00457182 0.22108 0 0
v -0.410934 -0.149278 0.220408 0 0
v -0.3906 0.0910318 0.209214 0 0
v -0.405472 0.0917926 0.213288 0 0
v -0.399089 -0.00373788 0.22629 0 0
v -0.392406 -0.104484 0.21549 0 0
v -0.400335 -0.186635 0.214558 0 0
v -0.399498 0.0780071 0.204327 0 0
v -0.393012 -0.141566 0.242717 0 0
v -0.399469 -0.152001 0.215962 0 0
v -0.396236 -0.206975 0.196346 0 0
v -0.400369 -0.185745 0.220046 0 0
v -0.397847 -0.0664814 0.226669 0 0
v -0.390916 0.16183 0.196955 0 0
v -0.387274 0.129451 0.195463 0 0
v -0.403443 -0.191523 0.183986 0 0
v -0.370655 0.0146283 0.228868 0 0
v -0.408456 -0.0488075 0.218629 0 0
v -0.406454 0.206629 0.144379 0 0
v -0.386502 0.0181182 0.227857 0 0
v -0.385122 0.136053 0.202214 0 0
v -0.387049 0.030492 0.22795 0 0
v -0.392079 0.0181529 0.252491 0 0
v -0.386018 -0.089334 0.208279 0 0
v -0.376444 -0.201881 0.199232 0 0
v -0.37929 -0.0375711 0.228258 0 0
v -0.377287 -0.181747 0.205401 0 0
v -0.377418 0.167639 0.198699 0 0
v -0.381971 -0.130241 0.201484 0 0
v -0.371008 0.172492 0.200684 0 0
v -0.379018 0.075846 0.195461 0 0
v -0.372665 -0.0442805 0.225335 0 0
v -0.382537 0.082303 0.195258 0 0
v -0.367321 -0.110389 0.210493 0 0
v -0.344837 -0.0370388 0.242135 0 0
v -0.368543 -0.101057 0.21358 0 0
v -0.381016 0.202668 0.199347 0 0
v -0.363526 -0.0658589 0.213985 0 0
v -0.379605 0.120734 0.189299 0 0
v -0.362031 -0.143207 0.195368 0 0
v -0.357604 -0.191054 0.202375 0 0
v -0.355905 0.204199 0.177172 0 0
v -0.36052 0.117009 0.207437 0 0
v -0.363083 -0.124862 0.198797 0 0
v -0.38298 -0.140209 0.219664 0 0
v -0.35418 -0.0647523 0.209103 0 0
v -0.356896 -0.0166059 0.289046 0 0
v -0.364378 -0.0739757 0.227213 0 0
v -0.372166 0.0913774 0.211783 0 0
v -0.368524 0.0646658 0.203214 0 0
v -0.364897 0.0212629 0.222561 0 0
v -0.340377 -0.0701502 0.21835 0 0
v -0.396626 0.256707 -0.0123293 0 0
v -0.368453 0.120777 0.200831 0 0
v -0.353352 0.00414 0.265573 0 0
v -0.357816 -0.0820469 0.214808 0 0
v -0.350078 -0.112644 0.211436 0 0
v -0.362958 -0.120766 0.219153 0 0
v -0.369418 -0.115063 0.21831 0 0
v -0.357782 0.169152 0.190981 0 0
v -0.361113 -0.0619054 0.218974 0 0
v -0.364664 0.0204361 0.235216 0 0
v -0.347728 -0.186625 0.204347 0 0
v -0.40317 -0.254714 0.00966624 0 0
v -0.354135 0.0127452 0.220934 0 0
v -0.351561 -0.236774 0.146565 0 0
v -0.352314 0.16362 0.198619 0 0
v -0.36791 0.0897868 0.213485 0 0
v -0.337674 -0.0932036 0.205623 0 0
v -0.365507 -0.124143 0.207464 0 0
v -0.365236 -0.151008 0.204069 0 0
v -0.371925 -0.238301 0.0414069 0 0
v -0.360187 0.101143 0.201879 0 0
v -0.353967 -0.028757 0.223833 0 0
v -0.347709 -0.13444 0.190559 0 0
v -0.336598 0.163929 0.177162 0 0
v -0.337379 -0.0836087 0.205816 0 0
v -0.339888 -0.207274 0.193666 0 0
v -0.352084 -0.138128 0.204427 0 0
v -0.350118 -0.111068 0.188506 0 0
v -0.346251 -0.146207 0.214369 0 0
v -0.328946 -0.0229014 0.215465 0 0
v -0.332546 -0.0186085 0.216922 0 0
v -0.339243 -0.114698 0.204979 0 0
v -0.382267 0.24983 -0.016667 0 0
v -0.344876 -0.144862 0.210562 0 0
v -0.370541 0.242941 0.0461667 0 0
v -0.327293 -0.133321 0.208902 0 0
v -0.339343 -0.0841779 0.202049 0 0
v -0.321337 -0.130871 0.217117 0 0
v -0.344353 -0.106076 0.198007 0 0
v -0.350777 -0.239253 0.0952406 0 0
v -0.342326 0.0656543 0.224544 0 0
v -0.350739 0.0443173 0.210845 0 0
v -0.319008 -0.00677634 0.242167 0 0
v -0.350439 -0.050387 0.219329 0 0
v -0.324534 0.112786 0.185237 0 0
v -0.330548 -0.189764 0.184032 0 0
v -0.346784 0.200325 0.152492 0 0
v -0.32716 -0.112423 0.207637 0 0
v -0.338548 0.0920866 0.193085 0 0
v -0.330822 -0.0703532 0.200527 0 0
v -0.302378 -0.0827711 0.216665 0 0
v -0.342724 -0.235802 0.112806 0 0
v -0.318286 0.126234 0.188544 0 0
v -0.30815 -0.122638 0.207471 0 0
v -0.328294 -0.0667532 0.206152 0 0
v -0.305618 -0.0707066 0.211353 0 0
v -0.318842 0.0159408 0.221345 0 0
v -0.316944 -0.0505445 0.206508 0 0
v -0.319668 0.0771417 0.206762 0 0
v -0.298998 -0.0812697 0.220818 0 0
v -0.323308 -0.0648971 0.224294 0 0
v -0.303606 0.0524651 0.207278 0 0
v -0.307079 0.0983452 0.183244 0 0
v -0.30315 -0.0336492 0.210138 0 0
v -0.298842 -0.113549 0.189535 0 0
v -0.314798 -0.0478983 0.204138 0 0
v -0.295842 -0.0541543 0.215463 0 0
v -0.314218 -0.179468 0.198484 0 0
v -0.315296 0.155044 0.17963 0 0
v -0.325188 0.165611 0.204207 0 0
v -0.272897 0.0248658 0.213384 0 0
v -0.303009 0.17378 0.185769 0 0
v -0.32138 0.034139 0.197113 0 0
v -0.334457 -0.252802 0.0620423 0 0
v -0.296202 0.0790948 0.216719 0 0
v -0.322324 0.00879821 0.21533 0 0
v -0.292755 -0.00850164 0.237961 0 0
v -0.297214 -0.0193979 0.207887 0 0
v -0.309694 -0.18547 0.209503 0 0
v -0.29993 0.0204719 0.223418 0 0
v -0.310001 -0.0467999 0.212461 0 0
v -0.317041 -0.240593 0.0608681 0 0
v -0.30675 -0.0497491 0.201939 0 0
v -0.3144 0.213702 0.132351 0 0
v -0.3028 0.196774 0.15071 0 0
v -0.3018 -0.151388 0.188718 0 0
v -0.280653 0.218797 0.106764 0 0
v -0.298975 -0.0388325 0.204441 0 0
v -0.292891 -0.0871552 0.214931 0 0
v -0.297788 -0.197015 0.187325 0 0
v -0.311457 -0.206291 0.192175 0 0
v -0.31216 -0.12269 0.183849 0 0
v -0.299005 0.0841065 0.180814 0 0
v -0.291565 0.0833044 0.175905 0 0
v -0.285986 -0.0119827 0.218287 0 0
v -0.292431 -0.165526 0.199479 0 0
v -0.282969 -0.00129315 0.208136 0 0
v -0.283102 -0.187982 0.175868 0 0
v -0.275057 -0.193266 0.174345 0 0
v -0.291702 -0.0100938 0.221662 0 0
v -0.276252 -0.185886 0.205411 0 0
v -0.279967 -0.187537 0.178381 0 0
v -0.287619 0.084452 0.210587 0 0
v -0.272583 0.00584449 0.224439 0 0
v -0.298273 -0.111182 0.206661 0 0
v -0.279287 0.146957 0.194602 0 0
v -0.2827 -0.0992815 0.210928 0 0
v -0.296752 -0.147134 0.188681 0 0
v -0.289782 -0.215959 0.18623 0 0
v -0.290668 -0.246211 0.0564401 0 0
v -0.289338 0.192973 0.172991 0 0
v -0.261879 -0.0077541 0.206479 0 0
v -0.289867 -0.170348 0.207998 0 0
v -0.269848 0.0854582 0.189898 0 0
v -0.259849 0.0840203 0.179253 0 0
v -0.290918 -0.116485 0.189954 0 0
v -0.274582 0.178509 0.181039 0 0
v -0.26987 0.0778312 0.190739 0 0
v -0.293107 -0.0105642 0.205582 0 0
v -0.259843 -0.0642326 0.205117 0 0
v -0.280181 0.221126 0.052801 0 0
v -0.284726 0.142275 0.169599 0 0
v -0.297639 0.105327 0.192583 0 0
v -0.284838 0.108248 0.183755 0 0
v -0.255093 -0.0227903 0.217044 0 0
v -0.283828 0.112483 0.18161 0 0
v -0.247901 0.0925094 0.189021 0 0
v -0.245558 0.189591 0.190422 0 0
v -0.267081 0.0497828 0.189563 0 0
v -0.243205 -0.00335614 0.210951 0 0
v -0.253117 -0.132353 0.185941 0 0
v -0.26384 0.0768709 0.185724 0 0
v -0.271193 -0.154514 0.191619 0 0
v -0.261456 -0.212075 0.164493 0 0
v -0.276549 0.214483 0.116995 0 0
v -0.264326 -0.0752374 0.198999 0 0
v -0.256254 0.0269486 0.216745 0 0
v -0.262449 0.0558636 0.210178 0 0
v -0.266031 0.0169723 0.194803 0 0
v -0.24843 0.0488025 0.19525 0 0
v -0.250907 -0.0742889 0.170289 0 0
v -0.263029 -0.121701 0.185428 0 0
v -0.261374 0.0716302 0.206481 0 0
v -0.264422 -0.157282 0.171968 0 0
v -0.235055 -0.0790249 0.187026 0 0
v -0.270244 -0.115966 0.198451 0 0
v -0.231757 0.148877 0.169825 0 0
v -0.237038 -0.110911 0.173902 0 0
v -0.265474 -0.25104 0.00176777 0 0
v -0.228974 0.155654 0.19539 0 0
v -0.229384 0.0675171 0.194505 0 0
v -0.235877 -0.0724164 0.203955 0 0
v -0.259059 0.0895644 0.189148 0 0
v -0.222376 -0.0320301 0.216729 0 0
v -0.257568 -0.126362 0.169274 0 0
v -0.246516 -0.17528 0.184293 0 0
v -0.238162 -0.112409 0.183366 0 0
v -0.246275 0.0388326 0.197188 0 0
v -0.242976 -0.223169 0.15637 0 0
v -0.245885 -0.16297 0.18625 0 0
v -0.220287 0.172837 0.174623 0 0
v -0.231174 0.073715 0.187113 0 0
v -0.231542 -0.140224 0.17667 0 0
v -0.228233 -0.209255 0.188516 0 0
v -0.246332 0.0828885 0.191617 0 0
v -0.238986 -0.0675984 0.199526 0 0
v -0.230013 0.140133 0.180375 0 0
v -0.231759 -0.218315 0.173127 0 0
v -0.254852 -0.236501 0.0653215 0 0
v -0.214291 0.0513229 0.195096 0 0
v -0.222928 0.155093 0.165709 0 0
v -0.226598 -0.0746296 0.194979 0 0
v -0.222568 -0.181546 0.178671 0 0
v -0.221463 0.0550323 0.21292 0 0
v -0.237582 -0.146753 0.174418 0 0
v -0.229718 0.14347 0.178466 0 0
v -0.227885 0.0829169 0.181115 0 0
v -0.237544 0.176689 0.169152 0 0
v -0.224512 -0.0360345 0.195312 0 0
v -0.212491 -0.1387 0.201211 0 0
v -0.226739 -0.200848 0.191877 0 0
v -0.221051 0.058552 0.209078 0 0
v -0.247891 -0.17138 0.168435 0 0
v -0.223023 -0.170558 0.184587 0 0
v -0.210612 -0.212936 0.166977 0 0
v -0.210502 0.166668 0.177065 0 0
v -0.228513 -0.196174 0.164848 0 0
v -0.230694 0.130357 0.171603 0 0
v -0.205817 0.00912747 0.205034 0 0
v -0.204195 -0.0514429 0.199507 0 0
v -0.209774 -0.062413 0.206555 0 0
v -0.209335 -0.0242197 0.197147 0 0
v -0.212213 0.03294 0.218539 0 0
v -0.232269 0.0740405 0.184933 0 0
v -0.205707 0.0511521 0.182367 0 0
v -0.2264 0.110315 0.189517 0 0
v -0.21659 -0.181139 0.181453 0 0
v -0.233238 0.138871 0.161608 0 0
v -0.217041 0.0791394 0.189521 0 0
v -0.208321 -0.186815 0.167895 0 0
v -0.204705 -0.0135943 0.209719 0 0
v -0.208524 -0.148418 0.181595 0 0
v -0.218184 -0.0154601 0.206146 0 0
v -0.203895 0.168628 0.175795 0 0
v -0.203974 -0.0894012 0.203213 0 0
v -0.202705 -0.194158 0.153896 0 0
v -0.226408 0.100051 0.185065 0 0
v -0.219689 0.0462042 0.196057 0 0
v -0.200065 0.0710812 0.166889 0 0
v -0.209944 -0.053608 0.187524 0 0
v -0.213051 0.178174 0.179591 0 0
v -0.194444 -0.171153 0.172651 0 0
v -0.192615 -0.209947 0.162784 0 0
v -0.187958 -0.159919 0.158918 0 0
v -0.1917 0.129883 0.171076 0 0
v -0.182186 0.119432 0.136075 0 0
v -0.194175 -0.0418811 0.184059 0 0
v -0.199449 0.20665 0.128744 0 0
v -0.184912 -0.0590816 0.175016 0 0
v -0.181822 -0.114659 0.193995 0 0
v -0.205446 -0.264918 0.0118727 0 0
v -0.188697 -0.0942571 0.168052 0 0
v -0.176166 0.0925616 0.171022 0 0
v -0.197543 0.0443219 0.171944 0 0
v -0.195514 -0.0497371 0.164385 0 0
v -0.182348 -0.218339 0.174036 0 0
v -0.193285 -0.0229819 0.194042 0 0
v -0.192721 -0.064002 0.199107 0 0
v -0.196984 0.125565 0.149056 0 0
v -0.18412 -0.0417074 0.185632 0 0
v -0.215941 -0.259517 -0.00411663 0 0
v -0.206766 -0.269354 -0.00757773 0 0
v -0.174713 0.179772 0.153119 0 0
v -0.176836 0.0866111 0.186555 0 0
v -0.178987 0.144222 0.174468 0 0
v -0.179216 0.031705 0.181048 0 0
v -0.171357 0.00996754 0.176229 0 0
v -0.17416 0.07111 0.191362 0 0
v -0.173838 -0.0530847 0.193803 0 0
v -0.171153 -0.0348547 0.191431 0 0
v -0.176276 -0.0554091 0.172439 0 0
v -0.185828 -0.100982 0.185445 0 0
v -0.17919 0.085917 0.178244 0 0
v -0.183774 0.0998195 0.159921 0 0
v -0.187448 0.0395344 0.184496 0 0
v -0.183819 -0.161967 0.177051 0 0
v -0.175 0.0143087 0.199942 0 0
v -0.168793 0.033974 0.192527 0 0
v -0.172812 -0.0740751 0.173862 0 0
v -0.159064 -0.0170272 0.181266 0 0
v -0.143928 -0.0022138 0.202699 0 0
v -0.16191 -0.115238 0.17846 0 0
v -0.170427 -0.0909017 0.188243 0 0
v -0.175697 -0.228544 0.0667005 0 0
v -0.19224 -0.241389 0.058785 0 0
v -0.183644 -0.244674 -0.019989 0 0
v -0.163063 0.255705 -0.047782 0 0
v -0.160183 0.0614795 0.191383 0 0
v -0.158568 -0.0466019 0.188542 0 0
v -0.152585 0.193643 0.170222 0 0
v -0.168889 -0.00525927 0.200787 0 0
v -0.17275 -0.0231466 0.166683 0 0
v -0.179384 -0.0577925 0.18555 0 0
v -0.174918 -0.136706 0.160693 0 0
v -0.156701 0.195728 0.156162 0 0
v -0.167731 -0.0674548 0.182087 0 0
v -0.156587 -0.102192 0.161725 0 0
v -0.159345 -0.156065 0.175339 0 0
v -0.155612 0.164591 0.133765 0 0
v -0.155507 -0.0582536 0.172403 0 0
v -0.157617 -0.0638266 0.18315 0 0
v -0.15095 -0.128305 0.157235 0 0
v -0.165017 0.232169 0.100964 0 0
v -0.152399 0.0422457 0.192169 0 0
v -0.163423 -0.274489 -0.0484523 0 0
v -0.151617 0.0600527 0.172785 0 0
v -0.151914 -0.0775516 0.178523 0 0
v -0.156806 0.187117 0.145066 0 0
v -0.155196 -0.182348 0.170299 0 0
v -0.155924 0.133997 0.15124 0 0
v -0.156144 0.137626 0.176114 0 0
v -0.161327 0.0915478 0.177969 0 0
v -0.159126 0.12965 0.181818 0 0
v -0.164091 -0.066366 0.178441 0 0
v -0.146729 -0.249413 0.0411661 0 0
v -0.140144 0.133119 0.149581 0 0
v -0.164231 0.0899268 0.176029 0 0
v -0.130458 -0.0749692 0.161926 0 0
v -0.136279 -0.124321 0.183902 0 0
v -0.137075 -0.128494 0.172377 0 0
v -0.16082 0.149423 0.1593 0 0
v -0.131052 -0.156336 0.15601 0 0
v -0.135402 -0.154935 0.182059 0 0
v -0.144283 0.20545 0.152308 0 0
v -0.134899 0.118846 0.169707 0 0
v -0.114184 -0.0939069 0.161751 0 0
v -0.131823 -0.0335304 0.19567 0 0
v -0.119905 0.0144178 0.191506 0 0
v -0.122544 0.160793 0.130142 0 0
v -0.145541 0.0854758 0.149088 0 0
v -0.127834 -0.108192 0.163781 0 0
v -0.139961 -0.17605 0.152395 0 0
v -0.116417 0.130282 0.175119 0 0
v -0.127139 0.0630878 0.173742 0 0
v -0.118661 -0.0971882 0.148696 0 0
v -0.127372 -0.187773 0.157185 0 0
v -0.123706 -0.214702 0.109989 0 0
v -0.119965 -0.011442 0.18101 0 0
v -0.113419 -0.0186004 0.185328 0 0
v -0.10472 0.0672911 0.165235 0 0
v -0.127523 -0.276063 -0.00937493 0 0
v -0.11333 0.207237 0.0863077 0 0
v -0.117617 0.18694 0.126817 0 0
v -0.113582 -0.0245463 0.183963 0 0
v -0.11951 -0.0449649 0.175872 0 0
v -0.121362 -0.077027 0.184428 0 0
v -0.110696 0.120251 0.155783 0 0
v -0.112188 0.0518905 0.18786 0 0
v -0.123084 -0.0898919 0.177007 0 0
v -0.115533 0.14453 0.144089 0 0
v -0.112379 0.131768 0.160632 0 0
v -0.0956765 0.107682 0.152082 0 0
v -0.108758 0.0303152 0.190492 0 0
v -0.11408 0.0132788 0.189761 0 0
v -0.126607 0.0659929 0.167808 0 0
v -0.0918811 0.169063 0.133988 0 0
v -0.113579 0.00065888 0.200674 0 0
v -0.0827078 -0.107949 0.149422 0 0
v -0.111746 -0.162133 0.162416 0 0
v -0.124431 -0.192446 0.140979 0 0
v -0.103452 0.0643424 0.172244 0 0
v -0.0990503 0.0123801 0.173491 0 0
v -0.124297 -0.10557 0.175031 0 0
v -0.0787354 0.112417 0.149441 0 0
v -0.0830335 0.0131623 0.167143 0 0
v -0.0861906 -0.11156 0.165054 0 0
v -0.094297 -0.0144824 0.193169 0 0
v -0.0936866 -0.0991221 0.161241 0 0
v -0.0994476 0.206127 0.152135 0 0
v -0.0862868 -0.193027 0.152562 0 0
v -0.097454 -0.00560978 0.193512 0 0
v -0.089831 -0.182086 0.134996 0 0
v -0.0762629 -0.179149 0.167408 0 0
v -0.121875 -0.0665896 0.155985 0 0
v -0.0887124 -0.114668 0.146726 0 0
v -0.0929729 -0.20315 0.159099 0 0
v -0.089988 -0.20884 0.122838 0 0
v -0.085684 0.127003 0.14873 0 0
v -0.0733871 -0.0453941 0.171244 0 0
v -0.0916693 0.0325745 0.176701 0 0
v -0.0804636 -0.146293 0.161392 0 0
v -0.080613 -0.156196 0.152853 0 0
v -0.086399 -0.068868 0.172306 0 0
v -0.0970064 0.121078 0.14686 0 0
v -0.0749308 0.010776 0.179172 0 0
v -0.0955434 -0.0977643 0.158925 0 0
v -0.0758438 0.0322253 0.165953 0 0
v -0.0950079 -0.122269 0.138788 0 0
v -0.0812071 -0.162889 0.161328 0 0
v -0.0708879 -0.210813 0.119233 0 0
v -0.0834489 0.0440361 0.172942 0 0
v -0.0853902 0.0167815 0.172967 0 0
v -0.0644771 -0.0162395 0.167338 0 0
v -0.0899564 -0.0876702 0.173301 0 0
v -0.0500982 -0.223651 0.156187 0 0
v -0.083206 0.1514 0.162266 0 0
v -0.0873766 0.0747819 0.15667 0 0
v -0.0595836 0.0540358 0.164164 0 0
v -0.0780469 -0.0367298 0.146123 0 0
v -0.0519388 0.157558 0.138843 0 0
v -0.0914355 0.239359 -0.0673654 0 0
v -0.0706431 0.177532 0.152699 0 0
v -0.0850055 -0.133333 0.15019 0 0
v -0.0574552 0.0567717 0.163295 0 0
v -0.0692757 0.0633763 0.148108 0 0
v -0.0604947 -0.185485 0.150666 0 0
v -0.0801805 -0.224942 0.0473099 0 0
v -0.0430602 0.0893808 0.159718 0 0
v -0.0590651 -0.0863672 0.146859 0 0
v -0.0657605 -0.180199 0.16647 0 0
v -0.0486833 0.184249 0.127265 0 0
v -0.0550336 0.0589617 0.165264 0 0
v -0.0583688 -0.0181697 0.157634 0 0
v -0.0594012 -0.276921 -0.0639318 0 0
v -0.0652691 0.15584 0.123203 0 0
v -0.0494735 0.0997856 0.154249 0 0
v -0.0559546 0.0223646 0.164456 0 0
v -0.0376354 -0.0277202 0.148002 0 0
v -0.0611833 0.0545646 0.186102 0 0
v -0.0508708 0.111591 0.155006 0 0
v -0.0648074 -0.0277936 0.157217 0 0
v -0.0416483 0.188632 0.154517 0 0
v -0.0361889 0.0957715 0.155421 0 0
v -0.0557975 -0.079009 0.141432 0 0
v -0.0301008 -0.0756432 0.152512 0 0
v -0.0410846 -0.124089 0.144749 0 0
v -0.0459155 0.152963 0.137162 0 0
v -0.0474414 -0.158503 0.162412 0 0
v -0.032893 -0.200755 0.107294 0 0
v -0.0452371 0.264761 -0.0965135 0 0
v -0.0515341 0.22704 0.0237263 0 0
v -0.0390084 -0.171584 0.157185 0 0
v -0.0273181 -0.000103329 0.170044 0 0
v -0.0351004 0.110929 0.14409 0 0
v -0.0448502 -0.0108624 0.167425 0 0
v -0.0342879 -0.0580608 0.173482 0 0
v -0.0378737 -0.0642785 0.154746 0 0
v -0.0499567 0.175117 0.120708 0 0
v -0.0426189 0.135508 0.137646 0 0
v -0.0288426 0.139294 0.129204 0 0
v -0.0152644 0.0620708 0.138351 0 0
v -0.0177985 0.0482623 0.16641 0 0
v -0.0311305 -0.100308 0.139628 0 0
v -0.031751 -0.240975 0.0372112 0 0
v -0.0081452 -0.0794492 0.146345 0 0
v -0.0072249 0.0393025 0.153061 0 0
v -0.0226449 -0.0194767 0.174399 0 0
v -0.0116577 0.0540657 0.158986 0 0
v -0.0116495 -0.00109788 0.161858 0 0
v -0.0195057 0.120922 0.145084 0 0
v 0.000206702 0.164307 0.135798 0 0
v -0.000479207 -0.0880054 0.139922 0 0
v -0.0135416 -0.206795 0.107621 0 0
v -0.0234299 -0.279637 -0.0589258 0 0
v -0.0070794 0.204942 0.117882 0 0
v 0.00800096 0.0793118 0.149511 0 0
v -0.0212638 0.148092 0.133735 0 0
v -0.033777 0.157051 0.141496 0 0
v -0.00263716 -0.120204 0.135197 0 0
v 0.00907515 0.0492316 0.147126 0 0
v 0.00424572 -0.184044 0.150851 0 0
v -0.00454476 0.195228 0.128904 0 0
v 0.020197 0.132977 0.132976 0 0
v -0.0109943 0.09073 0.153856 0 0
v 0.00112724 0.0476421 0.171271 0 0
v -0.00419691 0.190625 0.138176 0 0
v 0.00181881 -0.164079 0.12786 0 0
v -0.00235215 -0.235704 0.0430716 0 0
v 0.0158294 0.145519 0.112275 0 0
v 0.00131694 -0.0663968 0.164656 0 0
v -0.013226 -0.179503 0.124095 0 0
v 0.00350218 -0.182109 0.138111 0 0
v -0.00431515 -0.193634 0.132653 0 0
v 0.00625267 0.186356 0.13351 0 0
v 5.24567e-07 0.0569337 0.141919 0 0
v 0.0195323 0.0275453 0.146622 0 0
v 0.00650987 -0.11125 0.133647 0 0
v -0.00679142 0.128514 0.142029 0 0
v -0.00643046 0.0392681 0.16001 0 0
v 0.00516755 0.0914858 0.140522 0 0
v 0.0122426 0.236812 0.0514986 0 0
v 0.00447643 0.206778 0.144745 0 0
v 0.0215426 0.116541 0.119441 0 0
v -0.00909036 -0.19466 0.128488 0 0
v 0.0199797 0.126399 0.12947 0 0
v 0.019252 -0.0206314 0.150619 0 0
v 0.0194137 0.023062 0.162479 0 0
v -0.00163393 -0.137595 0.147268 0 0
v 0.0288232 0.172782 0.121379 0 0
v 0.0125852 0.00969039 0.171841 0 0
v 0.0183327 -0.140595 0.130041 0 0
v 0.0208138 0.0342893 0.147442 0 0
v 0.0119127 -0.152227 0.12246 0 0
v 0.00993872 -0.204213 0.129909 0 0
v 0.0345554 0.130372 0.130861 0 0
v 0.0142496 -0.118307 0.127368 0 0
v 0.0337102 -0.283792 -0.0742605 0 0
v 0.0233218 0.04601 0.14642 0 0
v 0.0113319 -0.096138 0.152867 0 0
v 0.021805 0.0816832 0.126486 0 0
v 0.0163388 0.0125903 0.159047 0 0
v 0.0238142 -0.155334 0.134246 0 0
v 0.053501 0.152991 0.117652 0 0
v 0.0391319 -0.0121674 0.175702 0 0
v 0.0124502 0.190168 0.10722 0 0
v 0.0351841 -0.209769 0.0712681 0 0
v 0.0277511 0.107835 0.130621 0 0
v 0.0370493 -0.154839 0.123818 0 0
v 0.0505419 -0.198153 0.139224 0 0
v 0.03465 0.0310617 0.169755 0 0
v 0.0178667 -0.0532008 0.167276 0 0
v 0.0417592 -0.0579572 0.140818 0 0
v 0.0352707 -0.163797 0.126936 0 0
v 0.0505171 0.178793 0.106772 0 0
v 0.0506244 0.138536 0.136643 0 0
v 0.0437562 0.0532572 0.1273 0 0
v 0.0287048 -0.133097 0.114924 0 0
v 0.0360434 0.0533395 0.147197 0 0
v 0.0402025 -0.174884 0.130309 0 0
v 0.0607152 0.166303 0.111102 0 0
v 0.0365696 0.0829666 0.129355 0 0
v 0.0391387 -0.0486124 0.142617 0 0
v 0.0232513 0.113572 0.0980089 0 0
v 0.0488877 0.0997598 0.141127 0 0
v 0.0479346 -0.0242222 0.147522 0 0
v 0.0376538 -0.104902 0.147293 0 0
v 0.0435885 -0.149383 0.134597 0 0
v 0.0334003 -0.183313 0.132992 0 0
v 0.0503135 0.179002 0.11056 0 0
v 0.0299118 -0.0836735 0.146941 0 0
v 0.0394809 0.245038 -0.0304883 0 0
v 0.0482468 0.241033 -0.0183626 0 0
v 0.0622766 0.13382 0.109242 0 0
v 0.0549193 -0.0907136 0.126587 0 0
v 0.0569519 -0.119986 0.132576 0 0
v 0.0563645 0.230604 0.042079 0 0
v 0.0718163 0.0527328 0.146956 0 0
v 0.0577346 0.201052 0.109214 0 0
v 0.0775592 0.143116 0.111374 0 0
v 0.0650293 -0.0868253 0.113838 0 0
v 0.0550177 0.18929 0.104248 0 0
v 0.077243 -0.22429 0.0025111 0 0
v 0.0738344 -0.0114769 0.164658 0 0
v 0.0612628 -0.158529 0.144326 0 0
v 0.0693313 0.225555 0.106566 0 0
v 0.0724826 -0.0840551 0.138079 0 0
v 0.0578944 0.00377606 0.160971 0 0
v 0.072945 -0.0892896 0.145826 0 0
v 0.0555528 -0.196791 0.119709 0 0
v 0.0868131 -0.213422 0.0642035 0 0
v 0.0976809 -0.221956 -0.0141366 0 0
v 0.0823367 -0.0237572 0.159501 0 0
v 0.0795703 -0.0556618 0.140141 0 0
v 0.0800056 -0.0747838 0.117112 0 0
v 0.0950445 0.157906 0.124398 0 0
v 0.0853857 0.0856503 0.101629 0 0
v 0.0816656 -0.0320249 0.13801 0 0
v 0.0762044 0.159768 0.100576 0 0
v 0.0812761 -0.0135029 0.155971 0 0
v 0.107766 -0.0565607 0.136189 0 0
v 0.0856032 -0.0594644 0.11942 0 0
v 0.0822026 -0.0655767 0.136577 0 0
v 0.0870458 -0.0591494 0.117981 0 0
v 0.0928955 -0.147603 0.126296 0 0
v 0.0855767 0.0766454 0.12566 0 0
v 0.0961825 0.0552724 0.11059 0 0
v 0.079823 0.064667 0.132763 0 0
v 0.0982229 -0.0204094 0.120533 0 0
v 0.0896352 -0.191385 0.118003 0 0
v 0.0944049 -0.162376 0.103625 0 0
v 0.0763107 -0.1951 0.0890705 0 0
v 0.103524 -0.0138251 0.159236 0 0
v 0.0978337 0.156237 0.107017 0 0
v 0.114019 0.0935034 0.113 0 0
v 0.094215 0.0787442 0.134818 0 0
v 0.101522 0.151402 0.0979387 0 0
v 0.104564 0.0518392 0.138329 0 0
v 0.0994079 -0.0535052 0.150153 0 0
v 0.0922098 -0.0616088 0.123702 0 0
v 0.117112 0.0446981 0.132034 0 0
v 0.104136 -0.00187587 0.141011 0 0
v 0.110322 -0.196227 0.118402 0 0
v 0.109837 0.174445 0.0986307 0 0
v 0.108707 0.168007 0.0963811 0 0
v 0.0962261 0.122201 0.122929 0 0
v 0.0996134 0.104095 0.0956766 0 0
v 0.111744 0.0813188 0.113002 0 0
v 0.100845 0.127065 0.126444 0 0
v 0.119477 -0.148773 0.122978 0 0
v 0.139666 0.0107716 0.139723 0 0
v 0.105587 -0.17386 0.109546 0 0
v 0.132793 -0.00624289 0.140632 0 0
v 0.103269 -0.0495416 0.138853 0 0
v 0.126975 0.160598 0.0917703 0 0
v 0.10751 -0.084914 0.12381 0 0
v 0.0952424 -0.13213 0.119309 0 0
v 0.125216 -0.227761 0.019293 0 0
v 0.14615 -0.262821 -0.105495 0 0
v 0.123644 0.0143903 0.127454 0 0
v 0.140906 0.222731 0.022346 0 0
v 0.132398 0.0740428 0.116611 0 0
v 0.12562 0.0748188 0.112589 0 0
v 0.124486 0.0804911 0.111322 0 0
v 0.12246 -0.206199 0.0718461 0 0
v 0.138048 -0.231969 -0.0123029 0 0
v 0.119246 0.156976 0.099858 0 0
v 0.110721 -0.0875662 0.097402 0 0
v 0.14255 0.0256559 0.130512 0 0
v 0.125632 -0.117293 0.107272 0 0
v 0.139635 -0.241946 -0.137295 0 0
v 0.144278 0.062828 0.115229 0 0
v 0.138215 0.0339817 0.137338 0 0
v 0.142551 -0.14191 0.104607 0 0
v 0.139619 -0.0102771 0.122142 0 0
v 0.148382 -0.1961 0.0306505 0 0
v 0.147368 -0.0388428 0.120456 0 0
v 0.133993 -0.107949 0.111517 0 0
v 0.14462 0.164303 0.102464 0 0
v 0.147105 -0.126632 0.112219 0 0
v 0.145852 -0.168247 0.114421 0 0
v 0.145581 -0.101101 0.104891 0 0
v 0.153445 -0.0410991 0.127195 0 0
v 0.15967 -0.183241 0.0762999 0 0
v 0.145922 -0.200568 0.0587478 0 0
v 0.156413 0.115085 0.07663 0 0
v 0.151295 0.0178259 0.120559 0 0
v 0.157176 -0.0133971 0.129096 0 0
v 0.150289 0.0612094 0.102477 0 0
v 0.144941 -0.14617 0.10383 0 0
v 0.15854 0.0431388 0.127237 0 0
v 0.172411 0.112414 0.100042 0 0
v 0.166279 0.0865256 0.0898809 0 0
v 0.159112 0.174761 0.0903279 0 0
v 0.168689 -0.0486512 0.107491 0 0
v 0.178067 -0.208798 0.0309707 0 0
v 0.167714 -0.154385 0.0868495 0 0
v 0.162326 -0.193246 0.0162829 0 0
v 0.156505 -0.0271796 0.107389 0 0
v 0.172059 -0.0969743 0.0942026 0 0
v 0.158018 -0.108514 0.095144 0 0
v 0.17811 0.0436867 0.132534 0 0
v 0.170832 0.0195101 0.121228 0 0
v 0.170358 0.173686 0.0862984 0 0
v 0.179971 -0.125003 0.0885631 0 0
v 0.1743 0.108378 0.105034 0 0
v 0.160478 -0.0322983 0.122929 0 0
v 0.192112 0.0400761 0.11158 0 0
v 0.172314 -0.193765 0.0641446 0 0
v 0.175937 0.136633 0.0734122 0 0
v 0.156157 0.150136 0.102566 0 0
v 0.164247 0.0821457 0.119203 0 0
v 0.184596 0.126716 0.0992812 0 0
v 0.201379 -0.00844531 0.127085 0 0
v 0.182135 -0.0159668 0.126157 0 0
v 0.188908 -0.140716 0.097457 0 0
v 0.179516 0.180269 0.108701 0 0
v 0.176821 0.155007 0.0745629 0 0
v 0.190561 0.152538 0.0940154 0 0
v 0.205641 -0.039471 0.124673 0 0
v 0.172754 0.136207 0.107704 0 0
v 0.189834 0.123572 0.094877 0 0
v 0.187008 -0.038236 0.112451 0 0
v 0.192479 -0.046301 0.0883283 0 0
v 0.196861 -0.124279 0.117367 0 0
v 0.206166 0.186189 0.0747665 0 0
v 0.193536 0.0741188 0.109933 0 0
v 0.205673 -0.0185052 0.110778 0 0
v 0.186751 -0.13223 0.102924 0 0
v 0.195582 -0.16095 0.107045 0 0
v 0.184686 -0.0230818 0.121556 0 0
v 0.187088 -0.0493985 0.0988281 0 0
v 0.197957 0.153292 0.0927415 0 0
v 0.211291 -0.181267 0.0340022 0 0
v 0.204926 0.202184 -0.0379276 0 0
v 0.188276 0.131464 0.100966 0 0
v 0.222505 0.071131 0.0983807 0 0
v 0.185274 -0.00251992 0.110099 0 0
v 0.181113 -0.113958 0.0905982 0 0
v 0.192283 -0.120345 0.0941311 0 0
v 0.22015 -0.221222 -0.126429 0 0
v 0.197029 -0.0423146 0.12916 0 0
v 0.200662 -0.103544 0.108398 0 0
v 0.204327 0.0901298 0.0975808 0 0
v 0.214945 0.150902 0.0833814 0 0
v 0.214707 0.0747048 0.110642 0 0
v 0.207154 -0.0511821 0.106813 0 0
v 0.206996 0.102026 0.0832797 0 0
v 0.211895 -0.172729 0.085776 0 0
v 0.255922 0.213514 -0.132013 0 0
v 0.229214 0.170785 0.0741704 0 0
v 0.251987 0.239056 -0.140376 0 0
v 0.212173 -0.0335541 0.122202 0 0
v 0.211632 -0.0884596 0.0945556 0 0
v 0.234343 -0.157262 0.079489 0 0
v 0.22533 0.105785 0.0788909 0 0
v 0.225841 0.0735183 0.107206 0 0
v 0.237313 0.194728 0.0304199 0 0
v 0.23503 0.0292039 0.102513 0 0
v 0.225113 0.0224852 0.107402 0 0
v 0.215219 0.0265378 0.128527 0 0
v 0.23016 -0.0895363 0.0947739 0 0
v 0.250415 -0.227006 -0.0552196 0 0
v 0.229369 0.118373 0.0787071 0 0
v 0.228113 -0.101926 0.0787737 0 0
v 0.237797 0.137492 0.0616329 0 0
v 0.240324 0.0691137 0.117902 0 0
v 0.224255 0.176346 0.0790942 0 0
v 0.220667 0.0649919 0.097304 0 0
v 0.238444 -0.0560753 0.105022 0 0
v 0.249321 0.021134 0.110081 0 0
v 0.233267 0.131111 0.102162 0 0
v 0.22347 0.0600428 0.0904708 0 0
v 0.216317 0.0392546 0.0898116 0 0
v 0.272544 -0.209085 -0.102539 0 0
v 0.226021 -0.0694831 0.0934064 0 0
v 0.230596 -0.0450583 0.0981512 0 0
v 0.216835 0.0509138 0.108425 0 0
v 0.241419 -0.0557374 0.0921672 0 0
v 0.226678 0.0830919 0.100544 0 0
v 0.25046 -0.166161 0.0765427 0 0
v 0.264124 0.130639 0.0787306 0 0
v 0.247638 -0.146492 0.0809081 0 0
v 0.266687 -0.199101 0.00223412 0 0
v 0.24311 0.0705595 0.08819 0 0
v 0.247083 -0.0395509 0.0914232 0 0
v 0.270384 -0.203833 -0.0991798 0 0
v 0.263793 -0.0283096 0.10096 0 0
v 0.260217 -0.0456616 0.104035 0 0
v 0.270765 -0.128966 0.086275 0 0
v 0.272937 0.0106251 0.10859 0 0
v 0.25087 -0.0965765 0.0934314 0 0
v 0.248027 0.175174 0.0682752 0 0
v 0.278345 -0.201949 -0.13222 0 0
v 0.263795 0.173635 0.0763346 0 0
v 0.248205 0.0587425 0.0818592 0 0
v 0.252496 0.101689 0.0751064 0 0
v 0.257169 -0.13328 0.0715565 0 0
v 0.265439 -0.0469207 0.07434 0 0
v 0.277811 -0.0955693 0.0819741 0 0
v 0.262714 0.0552071 0.0888243 0 0
v 0.269891 -0.092501 0.0818988 0 0
v 0.273732 -0.0764196 0.0865056 0 0
v 0.270731 -0.0372249 0.0753195 0 0
v 0.273322 0.06916 0.07292 0 0
v 0.274978 0.110811 0.0880482 0 0
v 0.257071 0.0922866 0.0827593 0 0
v 0.266596 0.0229835 0.0899285 0 0
v 0.313954 -0.194631 -0.0977556 0 0
v 0.276399 0.189483 0.0104005 0 0
v 0.273416 -0.162214 0.0435477 0 0
v 0.287742 0.0368603 0.095269 0 0
v 0.292313 0.125688 0.0847546 0 0
v 0.297184 -0.051847 0.0993553 0 0
v 0.29396 -0.119601 0.0726876 0 0
v 0.301681 -0.158249 0.06341 0 0
v 0.305011 -0.0729626 0.0708083 0 0
v 0.286904 -0.0913768 0.0640589 0 0
v 0.302401 -0.00978887 0.102383 0 0
v 0.304742 -0.0369706 0.0964509 0 0
v 0.313192 0.0885729 0.0901601 0 0
v 0.310621 -0.122854 0.061256 0 0
v 0.300869 -0.0321094 0.0740389 0 0
v 0.310456 0.167018 0.0538931 0 0
v 0.313608 0.178154 0.0480008 0 0
v 0.316768 0.145661 0.0533442 0 0
v 0.320332 -0.0518412 0.0556412 0 0
v 0.304514 -0.0743561 0.0684896 0 0
v 0.315045 -0.0700432 0.0639497 0 0
v 0.315908 -0.153762 0.00223833 0 0
v 0.351254 -0.195135 -0.152344 0 0
v 0.345882 0.0988429 0.0657221 0 0
v 0.32043 -0.0697071 0.0606113 0 0
v 0.336473 0.0509416 0.0669228 0 0
v 0.343974 -0.0637288 0.0647648 0 0
v 0.311891 -0.00906415 0.0880691 0 0
v 0.325821 0.0742522 0.065635 0 0
v 0.327438 0.0101007 0.0888541 0 0
v 0.331727 -0.124237 0.0462785 0 0
v 0.350998 -0.144641 0.0556014 0 0
v 0.332021 0.157527 0.0376352 0 0
v 0.380343 -0.167906 -0.160031 0 0
v 0.348962 0.0713998 0.077329 0 0
v 0.352079 -0.00326479 0.0884683 0 0
v 0.340524 -0.0859998 0.0510212 0 0
v 0.349463 -0.00418908 0.0722106 0 0
v 0.357473 -0.0861765 0.0528447 0 0
v 0.386162 0.17989 -0.153916 0 0
v 0.358718 0.0429689 0.0791492 0 0
v 0.370241 -0.0163654 0.0706816 0 0
v 0.382135 0.153262 0.0553121 0 0
v 0.36197 -0.0130427 0.051868 0 0
v 0.370724 0.00881561 0.0809598 0 0
v 0.340772 -0.0345921 0.0400743 0 0
v 0.370309 0.0199875 0.0473493 0 0
v 0.371383 0.0486595 0.0705869 0 0
v 0.360745 -0.114136 0.0443428 0 0
v 0.369796 -0.0725516 0.0300464 0 0
v 0.387401 0.15781 -0.0552166 0 0
v 0.364871 0.0668383 0.0391441 0 0
v 0.385803 -0.11323 0.0361274 0 0
v 0.383318 0.148516 0.0214127 0 0
v 0.381875 -0.00937362 0.0512382 0 0
v 0.373158 -0.0282786 0.0594719 0 0
v 0.390644 -0.034367 0.0222231 0 0
v 0.36404 -0.0340697 0.0538303 0 0
v 0.392368 -0.0282137 0.0466158 0 0
v 0.370958 -0.0466517 0.0279407 0 0
v 0.392668 0.0751919 0.0401355 0 0
v 0.384617 0.0768465 0.0459543 0 0
v 0.37488 -0.0544936 0.048878 0 0
v 0.379965 -0.0542834 0.0576705 0 0
v 0.388132 -0.0381997 0.0446219 0 0
v 0.403474 -0.124689 0.0132983 0 0
v 0.379399 -0.0300474 0.0432954 0 0
v 0.385401 -0.0957592 0.0375657 0 0
v 0.408101 0.064453 0.0344986 0 0
v 0.400785 -0.0521108 0.0422181 0 0
v 0.444406 -0.145576 -0.119539 0 0
v 0.39181 0.0330022 0.0510228 0 0
v 0.421642 0.155745 -0.0697264 0 0
v 0.417707 0.100272 0.0180868 0 0
v 0.409566 -0.116455 0.0318592 0 0
v 0.402908 0.0758262 0.0188871 0 0
v 0.401579 -0.0776393 0.0268694 0 0
v 0.410931 -0.0628248 0.0426912 0 0
v 0.400086 -0.0573994 0.0261379 0 0
v 0.427109 0.119399 -0.00484612 0 0
v 0.434113 0.116542 0.0199751 0 0
v 0.406701 0.0186183 0.0433454 0 0
v 0.436766 -0.0915367 0.020204 0 0
v 0.408723 0.0795023 0.020449 0 0
v 0.42628 0.0960964 0.014443 0 0
v 0.417584 0.0261067 0.0503924 0 0
v 0.420223 -0.0920128 0.0040983 0 0
v 0.434038 -0.0755636 0.0330696 0 0
v 0.426112 0.126908 0.00527806 0 0
v 0.41814 -0.00461046 0.0324706 0 0
v 0.446485 -0.0143735 0.0392484 0 0
v 0.423931 0.0985 0.0149597 0 0
v 0.447911 -0.0537442 0.0256214 0 0
v 0.427054 -0.00912271 0.0284467 0 0
v 0.425655 0.0220895 0.0353455 0 0
v 0.449222 -0.0515508 0.0145068 0 0
v 0.438954 -0.0637854 -0.0153388 0 0
v 0.455765 0.0117986 0.0372547 0 0
v 0.440614 -0.00779459 0.00990043 0 0
v 0.45357 0.0125705 0.0347243 0 0
v 0.452856 0.0344008 0.0381239 0 0
v 0.463421 0.0106158 0.0399371 0 0
v 0.449174 -0.0126989 0.0156287 0 0
v 0.500062 0.147511 -0.183572 0 0
v 0.481357 0.102509 -0.0150743 0 0
v 0.508154 -0.134807 -0.182335 0 0
v 0.48404 0.116126 -0.00313064 0 0
v 0.47338 0.0522833 -0.000701067 0 0
v 0.488687 0.0986746 -0.0061627 0 0
v 0.482863 0.0825418 -0.0246776 0 0
v 0.486576 0.0136513 0.0249208 0 0
v 0.467126 -0.0316642 -0.0107678 0 0
v 0.468693 0.0259436 0.0168206 0 0
v 0.484569 -0.0731461 -0.00266875 0 0
v 0.490507 0.0824194 -0.0218285 0 0
v 0.4963 0.02841 0.0216681 0 0
v 0.507415 -0.0893409 -0.027413 0 0
v 0.493801 0.0413628 -0.0134469 0 0
v 0.514462 -0.000500085 -0.0077055 0 0
v 0.498906 -0.0408235 0.00180415 0 0
v 0.498205 0.0704425 -0.0170459 0 0
v 0.49426 0.0387191 0.0149287 0 0
v 0.495449 -0.0901333 -0.0174105 0 0
v 0.503019 0.106424 -0.0255272 0 0
v 0.515294 0.0943864 -0.0207694 0 0
v 0.510009 0.0511033 -0.0311169 0 0
v 0.504385 0.0801611 -0.0014584 0 0
v 0.513623 0.0460719 -0.0115437 0 0
v 0.529127 0.0468185 -0.0247507 0 0
v 0.529934 0.00451396 -0.00231941 0 0
v 0.515227 -0.0769748 -0.0511584 0 0
v 0.539691 -0.0578068 -0.021252 0 0
v 0.523581 0.039566 -0.032993 0 0
v 0.527895 0.0527761 -0.031149 0 0
v 0.537264 -0.0223409 -0.0501 0 0
v 0.537272 0.0590339 -0.0327902 0 0
v 0.548411 0.103342 -0.0479472 0 0
v 0.548883 -0.0532684 -0.0504006 0 0
v 0.55683 0.0588976 -0.0576782 0 0
v 0.574844 0.084208 -0.0779608 0 0
v 0.574929 0.0822995 -0.0779879 0 0
v 0.578052 0.0178989 -0.0410728 0 0
v 0.55954 -0.0323119 -0.0739447 0 0
v 0.567854 -0.02767 -0.0860908 0 0
v 0.589322 0.00355422 -0.0417455 0 0
v 0.576237 -0.0421821 -0.0813768 0 0
v 0.592655 -0.0636031 -0.0700864 0 0
v 0.592573 0.0800982 -0.0875205 0 0
v 0.604669 0.0483653 -0.0885586 0 0
v 0.607601 0.0499273 -0.0788687 0 0
v 0.59676 -0.0464296 -0.072051 0 0
v 0.591917 0.0752798 -0.100797 0 0
v 0.595084 0.0805205 -0.0704662 0 0
v 0.594549 0.0734499 -0.0782115 0 0
v 0.589898 0.0226777 -0.0792392 0 0
v 0.615957 -0.0304156 -0.0704434 0 0
v 0.595244 0.068915 -0.0972071 0 0
v 0.616116 -0.0195706 -0.0923468 0 0
v 0.663562 -0.0544216 -0.229756 0 0
v 0.627303 0.0402728 -0.105588 0 0
v 0.66786 -0.0565339 -0.226873 0 0
v 0.629856 0.0316926 -0.122666 0 0
v 0.630141 0.0174547 -0.0973626 0 0
v 0.672634 0.0680172 -0.214028 0 0
v 0.636063 0.0261142 -0.134398 0 0
v 0.655553 0.0213126 -0.146414 0 0
v 0.695219 0.0567609 -0.21476 0 0
v 0.70317 -0.00243636 -0.216911 0 0
v 0.729837 0.0161112 -0.225641 0 0
