v -0.733585 0.013959 0.240875 0 0
v -0.734688 0.134297 0.265273 0 0
v -0.727798 0.0817123 0.253153 0 0
v -0.716561 0.116509 0.258463 0 0
v -0.727296 0.0230488 0.240044 0 0
v -0.713048 0.0692212 0.300301 0 0
v -0.702601 0.171006 0.274114 0 0
v -0.700068 0.104198 0.29303 0 0
v -0.716863 -0.0248744 0.249675 0 0
v -0.703783 0.144247 0.300274 0 0
v -0.730659 -0.0788419 0.214972 0 0
v -0.740772 -0.0513298 0.217799 0 0
v -0.707759 -0.0564476 0.238016 0 0
v -0.749203 -0.129874 0.197055 0 0
v -0.694788 0.0961881 0.322318 0 0
v -0.674831 0.0843627 0.316512 0 0
v -0.682283 0.158516 0.308933 0 0
v -0.691527 0.132123 0.32278 0 0
v -0.701005 -0.0524036 0.253833 0 0
v -0.67208 0.0532161 0.340137 0 0
v -0.706069 -0.0826624 0.269378 0 0
v -0.669005 0.00956472 0.339856 0 0
v -0.691975 -0.0348184 0.347545 0 0
v -0.652299 -0.0049604 0.346359 0 0
v -0.668616 -0.0462636 0.328485 0 0
v -0.654494 -0.0439336 0.35681 0 0
v -0.685625 -0.0755811 0.324402 0 0
v -0.682544 -0.109991 0.304318 0 0
v -0.650667 0.138149 0.360158 0 0
v -0.646032 0.108794 0.365245 0 0
v -0.641591 0.027159 0.385777 0 0
v -0.684367 -0.133614 0.277901 0 0
v -0.682014 -0.132871 0.253375 0 0
v -0.730907 -0.180442 0.1666 0 0
v -0.646308 0.108808 0.379122 0 0
v -0.663477 -0.111458 0.313025 0 0
v -0.645776 -0.0529988 0.385953 0 0
v -0.656045 -0.0900107 0.378624 0 0
v -0.712024 -0.18438 0.225423 0 0
v -0.724693 -0.217087 0.170748 0 0
v -0.690609 0.203597 0.262745 0 0
v -0.641619 0.0725496 0.397898 0 0
v -0.614058 -0.0227848 0.415764 0 0
v -0.614008 0.0851382 0.41886 0 0
v -0.652342 -0.109019 0.381825 0 0
v -0.648516 -0.100186 0.381505 0 0
v -0.668225 -0.142476 0.335506 0 0
v -0.71836 -0.204451 0.140913 0 0
v -0.653589 0.129388 0.342213 0 0
v -0.59955 0.0086536 0.411644 0 0
v -0.712407 -0.241872 0.167182 0 0
v -0.696259 0.164063 0.265082 0 0
v -0.631255 -0.156572 0.339714 0 0
v -0.648686 0.143136 0.320092 0 0
v -0.594755 0.0951211 0.425235 0 0
v -0.625987 0.0450673 0.41614 0 0
v -0.612584 -0.0343107 0.431717 0 0
v -0.603488 -0.0896444 0.425649 0 0
v -0.612917 -0.0295602 0.394534 0 0
v -0.620896 -0.0662959 0.412196 0 0
v -0.60053 -0.0812208 0.425904 0 0
v -0.617943 -0.0812411 0.435328 0 0
v -0.626056 -0.103467 0.405391 0 0
v -0.667479 0.175358 0.294335 0 0
v -0.643846 0.127841 0.367599 0 0
v -0.607557 -0.0389805 0.406579 0 0
v -0.622423 -0.0350388 0.419948 0 0
v -0.628034 -0.159866 0.407303 0 0
v -0.617532 0.00221626 0.403138 0 0
v -0.595951 0.00369821 0.411825 0 0
v -0.622595 -0.0722358 0.410204 0 0
v -0.611548 -0.066974 0.414823 0 0
v -0.616542 0.00987098 0.432224 0 0
v -0.624132 -0.0405186 0.395711 0 0
v -0.631373 -0.212196 0.347062 0 0
v -0.719922 -0.284668 0.138279 0 0
v -0.614839 -0.101464 0.399131 0 0
v -0.600899 0.076258 0.430675 0 0
v -0.606607 0.0498741 0.424238 0 0
v -0.578545 0.015199 0.394925 0 0
v -0.602081 0.0192761 0.406412 0 0
v -0.61116 -0.114717 0.410921 0 0
v -0.613066 -0.122022 0.415725 0 0
v -0.659664 0.155189 0.279624 0 0
v -0.604343 0.0723946 0.397144 0 0
v -0.605735 0.0248392 0.411794 0 0
v -0.642731 -0.235322 0.304501 0 0
v -0.653135 0.162365 0.299346 0 0
v -0.601193 0.0799129 0.406927 0 0
v -0.621207 -0.157426 0.375044 0 0
v -0.606136 0.0439718 0.411943 0 0
v -0.615069 0.0438267 0.416505 0 0
v -0.639144 -0.264965 0.260763 0 0
v -0.644622 -0.213863 0.352801 0 0
v -0.613244 -0.017357 0.40719 0 0
v -0.593289 -0.102552 0.400532 0 0
v -0.650585 0.200969 0.239469 0 0
v -0.622695 0.11235 0.345031 0 0
v -0.603667 0.0942518 0.367833 0 0
v -0.593169 -0.00663047 0.41385 0 0
v -0.592269 -0.0283994 0.395133 0 0
v -0.604825 -0.0382451 0.401213 0 0
v -0.62556 -0.0456739 0.402018 0 0
v -0.581028 -0.0773469 0.399036 0 0
v -0.594687 -0.0243544 0.397862 0 0
v -0.594407 -0.163309 0.35304 0 0
v -0.58343 0.105316 0.388184 0 0
v -0.606551 0.0931132 0.404322 0 0
v -0.594638 -0.00834332 0.407475 0 0
v -0.617263 -0.0178546 0.407111 0 0
v -0.573267 -0.130762 0.398389 0 0
v -0.644575 0.167763 0.253496 0 0
v -0.600335 -0.0390983 0.400073 0 0
v -0.613144 -0.205711 0.350402 0 0
v -0.617507 0.120406 0.34853 0 0
v -0.584248 -0.129032 0.401162 0 0
v -0.619492 -0.24241 0.31096 0 0
v -0.586439 0.0532774 0.403869 0 0
v -0.616709 -0.155233 0.35762 0 0
v -0.60244 -0.173941 0.368421 0 0
v -0.615267 -0.176397 0.348237 0 0
v -0.623687 -0.243383 0.337105 0 0
v -0.628264 0.187527 0.237107 0 0
v -0.57748 -0.0697273 0.389988 0 0
v -0.594101 -0.107976 0.409948 0 0
v -0.593371 -0.0155367 0.405295 0 0
v -0.617844 -0.158066 0.358499 0 0
v -0.573057 -0.0999468 0.395684 0 0
v -0.600444 -0.16206 0.383298 0 0
v -0.610768 0.153479 0.311309 0 0
v -0.581123 0.0381631 0.406235 0 0
v -0.639916 -0.292317 0.306712 0 0
v -0.587732 -0.0687222 0.403691 0 0
v -0.583437 -0.052743 0.382978 0 0
v -0.582462 -0.0218922 0.399715 0 0
v -0.618194 -0.29763 0.301916 0 0
v -0.572009 0.0535054 0.410282 0 0
v -0.593108 -0.0724041 0.388283 0 0
v -0.584941 -0.0725633 0.387544 0 0
v -0.582078 -0.129475 0.37691 0 0
v -0.61916 -0.240941 0.324617 0 0
v -0.589647 -0.0559924 0.3876 0 0
v -0.572792 -0.0258613 0.405273 0 0
v -0.580377 -0.0251893 0.385862 0 0
v -0.570958 -0.0456507 0.395193 0 0
v -0.596178 -0.165635 0.359296 0 0
v -0.59414 -0.232017 0.339609 0 0
v -0.601838 0.15095 0.291661 0 0
v -0.592446 -0.0266584 0.396032 0 0
v -0.607208 -0.289865 0.312987 0 0
v -0.595558 -0.201049 0.350162 0 0
v -0.610009 0.110973 0.347803 0 0
v -0.628133 0.195619 0.240728 0 0
v -0.600373 -0.195983 0.340209 0 0
v -0.61344 0.199691 0.249159 0 0
v -0.566309 0.0458442 0.395831 0 0
v -0.613392 -0.288738 0.304126 0 0
v -0.592784 0.146367 0.325022 0 0
v -0.566881 0.0868514 0.404631 0 0
v -0.559358 -0.0475851 0.372243 0 0
v -0.567883 0.0305393 0.40127 0 0
v -0.563988 0.0263561 0.373031 0 0
v -0.571587 -0.0930327 0.399968 0 0
v -0.611044 0.173263 0.279265 0 0
v -0.564094 0.0920481 0.418198 0 0
v -0.588121 0.142997 0.34594 0 0
v -0.550609 0.0203151 0.392692 0 0
v -0.586978 -0.202831 0.344059 0 0
v -0.595517 -0.282468 0.298563 0 0
v -0.566121 -0.123985 0.367157 0 0
v -0.597797 -0.20345 0.326007 0 0
v -0.588819 -0.212549 0.346157 0 0
v -0.587216 -0.224078 0.341898 0 0
v -0.582703 -0.290761 0.304908 0 0
v -0.574178 -0.0878262 0.394217 0 0
v -0.572109 -0.0510763 0.40724 0 0
v -0.565523 -0.0977066 0.416778 0 0
v -0.6129 0.149588 0.302433 0 0
v -0.576578 0.106957 0.366882 0 0
v -0.569183 0.0447962 0.397737 0 0
v -0.564811 -0.137613 0.374792 0 0
v -0.544101 0.0439472 0.385427 0 0
v -0.556634 -0.137823 0.388649 0 0
v -0.541944 -0.0831823 0.381175 0 0
v -0.576884 -0.058715 0.400922 0 0
v -0.556046 -0.109427 0.409073 0 0
v -0.570454 -0.206312 0.327414 0 0
v -0.570393 -0.243026 0.307496 0 0
v -0.587525 0.150916 0.28246 0 0
v -0.595387 0.158398 0.312085 0 0
v -0.591575 0.145957 0.296199 0 0
v -0.563913 0.0479261 0.400748 0 0
v -0.614996 0.181057 0.238987 0 0
v -0.530821 0.0583929 0.417758 0 0
v -0.559359 0.0729407 0.405325 0 0
v -0.568622 -0.155447 0.355248 0 0
v -0.555454 -0.115514 0.397335 0 0
v -0.546382 0.0139601 0.378469 0 0
v -0.568046 -0.174023 0.333993 0 0
v -0.570452 -0.244995 0.326759 0 0
v -0.587878 -0.248705 0.322147 0 0
v -0.576658 0.149583 0.305337 0 0
v -0.561138 0.00103306 0.388546 0 0
v -0.553098 -0.0189113 0.391108 0 0
v -0.53578 -0.0333136 0.406411 0 0
v -0.567743 -0.274633 0.302495 0 0
v -0.596433 0.184575 0.227798 0 0
v -0.545558 0.0586169 0.405389 0 0
v -0.5332 0.0598304 0.403809 0 0
v -0.539008 -0.0725076 0.378611 0 0
v -0.573111 0.159832 0.333056 0 0
v -0.586878 0.156878 0.276418 0 0
v -0.607229 0.195502 0.219784 0 0
v -0.578039 -0.201845 0.334277 0 0
v -0.567705 -0.256381 0.303986 0 0
v -0.549239 0.145179 0.313679 0 0
v -0.539718 0.00914034 0.396221 0 0
v -0.527219 0.00973859 0.376839 0 0
v -0.557077 -0.174323 0.338952 0 0
v -0.566218 -0.193419 0.337725 0 0
v -0.561472 0.0808889 0.397095 0 0
v -0.546185 -0.170744 0.344733 0 0
v -0.533295 0.0392269 0.396913 0 0
v -0.54874 -0.280864 0.295778 0 0
v -0.554927 0.137046 0.332668 0 0
v -0.55324 -0.160721 0.353369 0 0
v -0.560404 -0.201757 0.342002 0 0
v -0.535759 0.035193 0.402372 0 0
v -0.544343 -0.00714446 0.366617 0 0
v -0.543217 -0.0471054 0.368653 0 0
v -0.535815 -0.0798913 0.381061 0 0
v -0.531572 -0.136915 0.358678 0 0
v -0.554047 -0.161377 0.367452 0 0
v -0.535 -0.022819 0.372496 0 0
v -0.514348 0.0990015 0.378723 0 0
v -0.531921 0.00878316 0.387326 0 0
v -0.520568 -0.0287364 0.376181 0 0
v -0.526879 -0.034272 0.364397 0 0
v -0.519315 -0.147689 0.360823 0 0
v -0.55352 -0.249412 0.293795 0 0
v -0.527932 -0.0323211 0.383381 0 0
v -0.540119 -0.181217 0.33129 0 0
v -0.572138 -0.307283 0.266795 0 0
v -0.563633 0.142709 0.274378 0 0
v -0.559037 0.159321 0.283245 0 0
v -0.523753 0.0259576 0.365418 0 0
v -0.526393 -0.0719829 0.391995 0 0
v -0.551717 -0.299913 0.274409 0 0
v -0.515616 -0.0316359 0.365044 0 0
v -0.535178 -0.196079 0.315658 0 0
v -0.552282 -0.192929 0.328145 0 0
v -0.514198 -0.0124816 0.365638 0 0
v -0.536241 -0.0763274 0.374424 0 0
v -0.539116 -0.269032 0.300037 0 0
v -0.518838 -0.0683961 0.377437 0 0
v -0.508747 -0.0422473 0.375523 0 0
v -0.531112 0.143109 0.321038 0 0
v -0.522985 -0.206922 0.317415 0 0
v -0.509646 -0.148673 0.33391 0 0
v -0.539212 -0.208002 0.328812 0 0
v -0.510176 0.062914 0.38789 0 0
v -0.49259 0.0269906 0.384256 0 0
v -0.521986 -0.191035 0.32774 0 0
v -0.518228 0.102275 0.379841 0 0
v -0.581178 0.195393 0.217772 0 0
v -0.515891 0.0404219 0.363699 0 0
v -0.528286 -0.219258 0.323118 0 0
v -0.547302 -0.213066 0.308635 0 0
v -0.512798 0.0755019 0.372869 0 0
v -0.528357 -0.234432 0.311103 0 0
v -0.530226 -0.230761 0.293244 0 0
v -0.571815 0.217073 0.217782 0 0
v -0.502544 -0.0489774 0.374315 0 0
v -0.536324 0.189748 0.226155 0 0
v -0.517428 -0.0149746 0.360564 0 0
v -0.508095 -0.101603 0.371354 0 0
v -0.538877 -0.163579 0.325329 0 0
v -0.518874 0.111007 0.376029 0 0
v -0.48084 -0.100422 0.377959 0 0
v -0.520423 -0.151356 0.332157 0 0
v -0.5058 0.0805858 0.385403 0 0
v -0.495839 -0.0447623 0.372946 0 0
v -0.504429 -0.14476 0.36907 0 0
v -0.539999 0.207848 0.200326 0 0
v -0.493521 0.0923687 0.379413 0 0
v -0.472607 0.104478 0.37042 0 0
v -0.508727 0.0421492 0.361782 0 0
v -0.482139 -0.0125937 0.368351 0 0
v -0.505904 -0.12949 0.356908 0 0
v -0.540208 -0.247241 0.288532 0 0
v -0.498406 0.0840838 0.382889 0 0
v -0.488212 0.00424019 0.351829 0 0
v -0.489369 0.0841151 0.356636 0 0
v -0.493748 -0.0243901 0.366795 0 0
v -0.525269 0.173346 0.284177 0 0
v -0.499147 0.0287722 0.387239 0 0
v -0.519871 -0.25874 0.298047 0 0
v -0.516021 -0.247268 0.298834 0 0
v -0.499418 -0.226021 0.289171 0 0
v -0.497276 -0.198771 0.314536 0 0
v -0.530454 -0.257685 0.291237 0 0
v -0.502217 -0.176619 0.332056 0 0
v -0.500221 -0.277754 0.267795 0 0
v -0.479952 -0.0867075 0.375383 0 0
v -0.479146 -0.144063 0.348846 0 0
v -0.507759 0.163128 0.276908 0 0
v -0.47898 0.0511969 0.368881 0 0
v -0.478827 -0.0333678 0.347454 0 0
v -0.460688 0.103988 0.364026 0 0
v -0.476127 -0.0568924 0.353511 0 0
v -0.4812 0.0394485 0.362668 0 0
v -0.495504 -0.201275 0.303612 0 0
v -0.453696 0.0702528 0.364699 0 0
v -0.508665 -0.0208211 0.351392 0 0
v -0.477255 -0.042822 0.346695 0 0
v -0.492605 -0.178857 0.301307 0 0
v -0.475424 0.110107 0.359052 0 0
v -0.467183 -0.00926568 0.34378 0 0
v -0.491056 0.137822 0.294615 0 0
v -0.517081 0.208333 0.210439 0 0
v -0.487926 -0.189939 0.303134 0 0
v -0.466398 -0.110372 0.388957 0 0
v -0.499633 -0.26985 0.27665 0 0
v -0.48055 -0.0448495 0.348425 0 0
v -0.464195 0.0317826 0.364197 0 0
v -0.447708 -0.116019 0.39902 0 0
v -0.46882 -0.195219 0.302227 0 0
v -0.493263 -0.290566 0.286541 0 0
v -0.470829 0.103736 0.389139 0 0
v -0.479015 -0.0691798 0.356541 0 0
v -0.45866 0.111878 0.3663 0 0
v -0.474833 -0.167246 0.303289 0 0
v -0.458991 0.111282 0.392237 0 0
v -0.46575 0.00598375 0.361312 0 0
v -0.466671 0.0559046 0.371727 0 0
v -0.457493 -0.0477194 0.324986 0 0
v -0.441514 -0.125397 0.412403 0 0
v -0.470458 -0.161562 0.329355 0 0
v -0.461594 0.00129202 0.37527 0 0
v -0.453831 -0.212376 0.282063 0 0
v -0.493111 -0.26397 0.258191 0 0
v -0.449428 0.0425126 0.355744 0 0
v -0.468643 -0.211386 0.284761 0 0
v -0.499924 -0.209172 0.269581 0 0
v -0.503771 0.230755 0.18721 0 0
v -0.47686 0.0391312 0.332881 0 0
v -0.503722 0.209255 0.195648 0 0
v -0.438536 0.0818247 0.368013 0 0
v -0.458587 -0.029068 0.358024 0 0
v -0.470482 -0.0845264 0.342852 0 0
v -0.473355 0.122405 0.329198 0 0
v -0.44048 0.0459082 0.337788 0 0
v -0.452584 -0.0940171 0.341012 0 0
v -0.48702 -0.253095 0.25992 0 0
v -0.431643 -0.0926127 0.350539 0 0
v -0.476979 -0.260778 0.252976 0 0
v -0.451936 -0.214427 0.29275 0 0
v -0.436523 0.0465224 0.34955 0 0
v -0.452662 0.00681563 0.345749 0 0
v -0.432391 -0.147635 0.330553 0 0
v -0.480744 0.160908 0.261417 0 0
v -0.452446 0.153595 0.266677 0 0
v -0.438311 0.0700759 0.347622 0 0
v -0.452248 -0.0339323 0.353835 0 0
v -0.419113 -0.119875 0.396146 0 0
v -0.471181 -0.281199 0.260554 0 0
v -0.44509 -0.0974036 0.338887 0 0
v -0.433973 0.00419826 0.342481 0 0
v -0.441955 -0.0578195 0.347732 0 0
v -0.43905 0.0523867 0.345482 0 0
v -0.434835 0.00701226 0.375192 0 0
v -0.455389 0.150267 0.290261 0 0
v -0.433973 0.0871586 0.345159 0 0
v -0.466858 0.190094 0.254805 0 0
v -0.442254 -0.0572219 0.343539 0 0
v -0.431063 -0.0648856 0.339495 0 0
v -0.427863 -0.103097 0.335718 0 0
v -0.442929 0.0328496 0.32263 0 0
v -0.420002 -0.0382022 0.33613 0 0
v -0.480068 -0.289622 0.240751 0 0
v -0.431232 0.102689 0.362463 0 0
v -0.439565 -0.118509 0.326665 0 0
v -0.427979 0.0282974 0.346027 0 0
v -0.434873 0.0189523 0.348776 0 0
v -0.442806 -0.0723694 0.360016 0 0
v -0.444677 -0.175792 0.287902 0 0
v -0.439733 -0.218352 0.263052 0 0
v -0.465508 0.195007 0.19915 0 0
v -0.437957 0.162415 0.279457 0 0
v -0.41861 0.0686315 0.355947 0 0
v -0.460638 0.196255 0.205395 0 0
v -0.416125 -0.00181966 0.343056 0 0
v -0.423947 0.0720833 0.330665 0 0
v -0.421086 0.0534101 0.34419 0 0
v -0.431345 -0.0125093 0.327266 0 0
v -0.418664 -0.00693351 0.337018 0 0
v -0.402168 -0.047282 0.353033 0 0
v -0.426115 -0.128367 0.326106 0 0
v -0.469681 0.233028 0.188443 0 0
v -0.416192 -0.0759883 0.335311 0 0
v -0.443603 0.164707 0.268963 0 0
v -0.40854 0.109601 0.343532 0 0
v -0.408177 0.00799899 0.334698 0 0
v -0.402586 0.00831382 0.32307 0 0
v -0.408479 -0.0725082 0.340515 0 0
v -0.413114 -0.107101 0.322876 0 0
v -0.435864 0.136211 0.327482 0 0
v -0.426139 -0.251035 0.244025 0 0
v -0.412116 0.0653678 0.373415 0 0
v -0.419495 -0.143064 0.319361 0 0
v -0.434124 -0.212206 0.279194 0 0
v -0.438005 -0.259355 0.232458 0 0
v -0.413162 0.0122139 0.331322 0 0
v -0.386991 0.0157064 0.335427 0 0
v -0.414147 0.180196 0.257845 0 0
v -0.411526 -0.0266289 0.329967 0 0
v -0.408361 -0.0405526 0.335593 0 0
v -0.425332 0.172323 0.229989 0 0
v -0.388074 0.0998794 0.350552 0 0
v -0.423172 -0.23822 0.266035 0 0
v -0.410583 -0.0155958 0.339225 0 0
v -0.397683 -0.120321 0.31996 0 0
v -0.423995 -0.250566 0.247802 0 0
v -0.431111 -0.255849 0.253294 0 0
v -0.386808 0.0527156 0.335561 0 0
v -0.410487 -0.128276 0.307311 0 0
v -0.434555 0.212603 0.174349 0 0
v -0.378581 0.103193 0.331524 0 0
v -0.402815 -0.196707 0.278527 0 0
v -0.406089 -0.0589848 0.338896 0 0
v -0.389033 0.148179 0.267421 0 0
v -0.41928 0.163079 0.254093 0 0
v -0.403059 0.133952 0.319497 0 0
v -0.379344 -0.0593288 0.318127 0 0
v -0.397595 0.06913 0.331836 0 0
v -0.417845 -0.269032 0.235697 0 0
v -0.404727 -0.25286 0.229863 0 0
v -0.372129 0.0203874 0.31195 0 0
v -0.413708 0.220275 0.154139 0 0
v -0.374878 0.0409587 0.323721 0 0
v -0.390829 -0.00747701 0.323837 0 0
v -0.409238 -0.247686 0.224753 0 0
v -0.40424 0.1706 0.244168 0 0
v -0.383799 -0.177955 0.256176 0 0
v -0.377172 0.129959 0.302095 0 0
v -0.385514 -0.160008 0.286311 0 0
v -0.397962 -0.244923 0.243124 0 0
v -0.39864 -0.21461 0.259793 0 0
v -0.381209 0.0565556 0.310249 0 0
v -0.365559 0.0129866 0.327399 0 0
v -0.380156 -0.00313218 0.314475 0 0
v -0.38018 -0.251541 0.250025 0 0
v -0.40537 -0.262884 0.226758 0 0
v -0.368158 0.0307512 0.333023 0 0
v -0.393396 -0.150451 0.303986 0 0
v -0.406024 0.147927 0.264944 0 0
v -0.367383 -0.0866567 0.321957 0 0
v -0.408817 0.196173 0.25317 0 0
v -0.370868 0.139414 0.282131 0 0
v -0.36978 0.0742801 0.318573 0 0
v -0.382322 0.0498902 0.316263 0 0
v -0.371087 0.0609843 0.332722 0 0
v -0.412483 0.196869 0.184068 0 0
v -0.38399 -0.154812 0.270938 0 0
v -0.345463 0.0881443 0.340674 0 0
v -0.368295 0.0858061 0.327678 0 0
v -0.377193 0.175616 0.236763 0 0
v -0.338078 -0.11011 0.387929 0 0
v -0.408594 0.223304 0.158831 0 0
v -0.35753 0.143723 0.295609 0 0
v -0.365546 0.0955889 0.334151 0 0
v -0.361944 0.0885354 0.322153 0 0
v -0.367388 -0.0060053 0.318298 0 0
v -0.347357 -0.0871134 0.328369 0 0
v -0.370105 0.12889 0.346133 0 0
v -0.354594 -0.0723966 0.316227 0 0
v -0.358958 -0.0695867 0.303024 0 0
v -0.369292 0.170609 0.253245 0 0
v -0.350322 0.00323439 0.304465 0 0
v -0.389094 -0.274849 0.215169 0 0
v -0.346109 0.100188 0.335059 0 0
v -0.363027 0.12463 0.321057 0 0
v -0.363924 0.0528861 0.311136 0 0
v -0.399733 0.190995 0.214142 0 0
v -0.326629 0.0403605 0.315664 0 0
v -0.354028 -0.0326662 0.313651 0 0
v -0.396173 -0.247878 0.205894 0 0
v -0.396441 0.205491 0.152774 0 0
v -0.350189 -0.0236028 0.327593 0 0
v -0.364767 -0.123717 0.378017 0 0
v -0.364335 -0.207652 0.260738 0 0
v -0.366948 0.190895 0.228087 0 0
v -0.355625 0.0916537 0.341734 0 0
v -0.366002 -0.158701 0.260134 0 0
v -0.376277 -0.205699 0.248884 0 0
v -0.380977 0.241493 0.1316 0 0
v -0.377858 0.173766 0.216216 0 0
v -0.355605 0.132647 0.308184 0 0
v -0.346757 -0.0375652 0.308697 0 0
v -0.369127 -0.249014 0.224785 0 0
v -0.315999 0.0394569 0.316614 0 0
v -0.352402 0.0202413 0.305466 0 0
v -0.343931 -0.0922106 0.328678 0 0
v -0.365553 -0.258742 0.221933 0 0
v -0.376968 -0.245485 0.231217 0 0
v -0.381775 -0.2415 0.215669 0 0
v -0.358694 -0.164317 0.262266 0 0
v -0.353469 -0.177779 0.246343 0 0
v -0.344889 0.139616 0.28478 0 0
v -0.342106 0.0268786 0.316929 0 0
v -0.338863 -0.0815496 0.296157 0 0
v -0.338244 -0.131147 0.266918 0 0
v -0.332272 -0.139178 0.262077 0 0
v -0.356283 -0.160086 0.27415 0 0
v -0.353122 0.208015 0.195918 0 0
v -0.348269 -0.241211 0.211482 0 0
v -0.347354 0.159171 0.292172 0 0
v -0.341227 -0.187797 0.257606 0 0
v -0.354891 -0.12558 0.297217 0 0
v -0.349272 -0.234888 0.234892 0 0
v -0.350973 0.16652 0.249931 0 0
v -0.350523 -0.0302294 0.302065 0 0
v -0.343085 -0.101583 0.302324 0 0
v -0.343092 -0.232353 0.227841 0 0
v -0.377207 0.236278 0.13873 0 0
v -0.323624 -0.0184055 0.295843 0 0
v -0.362584 -0.240293 0.247415 0 0
v -0.345073 -0.259011 0.216549 0 0
v -0.343824 0.214495 0.154196 0 0
v -0.357832 -0.201357 0.237361 0 0
v -0.334511 -0.189252 0.254844 0 0
v -0.321082 -0.0847715 0.299555 0 0
v -0.340886 -0.0982831 0.327727 0 0
v -0.320343 -0.146014 0.264011 0 0
v -0.321243 -0.169767 0.242868 0 0
v -0.342136 0.142581 0.242458 0 0
v -0.355992 -0.178056 0.25938 0 0
v -0.334779 -0.0207615 0.294831 0 0
v -0.308417 -0.0565087 0.305369 0 0
v -0.349405 -0.239397 0.217941 0 0
v -0.297881 -0.0116039 0.300335 0 0
v -0.30652 -0.151783 0.260274 0 0
v -0.332956 -0.175173 0.227969 0 0
v -0.297792 0.035538 0.299833 0 0
v -0.301719 0.106394 0.312256 0 0
v -0.318737 -0.00240012 0.293252 0 0
v -0.317538 -0.0822728 0.345725 0 0
v -0.30943 0.0726191 0.308211 0 0
v -0.320534 0.0160337 0.300383 0 0
v -0.32505 -0.125058 0.274002 0 0
v -0.32607 -0.177433 0.24804 0 0
v -0.333724 -0.203185 0.243577 0 0
v -0.331721 0.149776 0.248653 0 0
v -0.317754 -0.181883 0.239175 0 0
v -0.305495 0.105602 0.286977 0 0
v -0.32254 -0.0192897 0.293031 0 0
v -0.315445 -0.092207 0.350208 0 0
v -0.321732 0.140165 0.292603 0 0
v -0.296967 -0.0296086 0.28807 0 0
v -0.34556 -0.227577 0.227356 0 0
v -0.305653 0.167198 0.210006 0 0
v -0.310104 0.168294 0.238456 0 0
v -0.314433 -0.157037 0.246884 0 0
v -0.310059 -0.254846 0.218768 0 0
v -0.292163 0.0992636 0.307119 0 0
v -0.300638 0.0295012 0.305238 0 0
v -0.33282 -0.16236 0.251121 0 0
v -0.289359 -0.0476958 0.303564 0 0
v -0.322168 -0.0688977 0.273836 0 0
v -0.308051 -0.0274679 0.29257 0 0
v -0.315185 -0.221468 0.211677 0 0
v -0.327114 -0.216224 0.207732 0 0
v -0.304961 -0.124712 0.280215 0 0
v -0.31762 0.161883 0.24573 0 0
v -0.28304 0.0141099 0.296487 0 0
v -0.292183 0.0958757 0.307412 0 0
v -0.295128 -0.0409874 0.283079 0 0
v -0.291332 -0.0536013 0.298643 0 0
v -0.308822 0.0810728 0.303624 0 0
v -0.300288 0.0945608 0.309568 0 0
v -0.290812 0.0840143 0.305804 0 0
v -0.294204 -0.0445312 0.290073 0 0
v -0.316734 -0.207228 0.211518 0 0
v -0.276475 0.102642 0.308579 0 0
v -0.29313 -0.148303 0.246399 0 0
v -0.291863 0.00636052 0.290781 0 0
v -0.299231 0.185795 0.203771 0 0
v -0.300249 0.192682 0.222434 0 0
v -0.310711 0.182278 0.220091 0 0
v -0.29219 0.0384747 0.29694 0 0
v -0.291828 0.00644756 0.288851 0 0
v -0.301842 -0.0355122 0.286072 0 0
v -0.318454 0.24801 0.113934 0 0
v -0.286001 -0.172756 0.253094 0 0
v -0.299546 -0.183262 0.240801 0 0
v -0.285105 0.0493275 0.306917 0 0
v -0.310927 0.0160363 0.275592 0 0
v -0.288527 -0.0991945 0.277124 0 0
v -0.270347 -0.0628692 0.291075 0 0
v -0.297574 0.235037 0.134576 0 0
v -0.286985 0.133279 0.292906 0 0
v -0.290897 0.116956 0.297949 0 0
v -0.273357 -0.020766 0.28887 0 0
v -0.27131 -0.021548 0.286944 0 0
v -0.275417 -0.0610361 0.295463 0 0
v -0.281096 -0.123612 0.255212 0 0
v -0.285744 -0.14836 0.277174 0 0
v -0.3088 -0.158045 0.235886 0 0
v -0.273435 -0.0574281 0.277865 0 0
v -0.290497 -0.0956225 0.319103 0 0
v -0.293571 -0.180362 0.231892 0 0
v -0.300215 0.0196517 0.275286 0 0
v -0.309072 0.22197 0.130189 0 0
v -0.273882 -0.0385695 0.272497 0 0
v -0.269134 0.115794 0.305927 0 0
v -0.281385 -0.20142 0.223498 0 0
v -0.284695 -0.024323 0.28175 0 0
v -0.264623 0.0717445 0.299233 0 0
v -0.265833 0.0664692 0.305806 0 0
v -0.261623 0.00373919 0.286181 0 0
v -0.285942 0.0912572 0.306296 0 0
v -0.282338 0.0995707 0.302161 0 0
v -0.265376 0.0232912 0.267105 0 0
v -0.277156 -0.00129795 0.272347 0 0
v -0.29424 0.198936 0.182875 0 0
v -0.258107 0.130809 0.295257 0 0
v -0.259149 0.00273417 0.267339 0 0
v -0.279626 0.229486 0.0997918 0 0
v -0.259439 -0.00616643 0.278642 0 0
v -0.247337 0.0724265 0.25135 0 0
v -0.263119 0.00165308 0.269294 0 0
v -0.266764 -0.11621 0.25091 0 0
v -0.252687 0.0588917 0.269156 0 0
v -0.250598 -0.0942898 0.275785 0 0
v -0.265919 -0.223481 0.195886 0 0
v -0.269993 -0.245427 0.174975 0 0
v -0.241886 0.0935664 0.283446 0 0
v -0.266392 -0.0444705 0.2608 0 0
v -0.267066 -0.105276 0.233479 0 0
v -0.246449 0.0330101 0.281123 0 0
v -0.269861 0.170459 0.209106 0 0
v -0.258939 0.0298879 0.287058 0 0
v -0.263015 -0.0227165 0.254187 0 0
v -0.264386 0.203554 0.178196 0 0
v -0.26156 0.0480702 0.271027 0 0
v -0.252191 -0.0426613 0.287203 0 0
v -0.25306 -0.203919 0.186323 0 0
v -0.243719 0.060097 0.284748 0 0
v -0.246571 0.0549947 0.280628 0 0
v -0.255904 -0.159746 0.217958 0 0
v -0.24166 0.0385133 0.255346 0 0
v -0.254847 -0.177596 0.211943 0 0
v -0.241651 0.102663 0.292372 0 0
v -0.238321 0.0583958 0.276111 0 0
v -0.240483 0.0984518 0.269263 0 0
v -0.251409 -0.0292806 0.275963 0 0
v -0.256084 -0.215719 0.199491 0 0
v -0.247591 0.113203 0.275469 0 0
v -0.265596 -0.177894 0.213594 0 0
v -0.261701 0.184862 0.202238 0 0
v -0.243379 0.10897 0.285743 0 0
v -0.240978 -0.0678485 0.275049 0 0
v -0.252644 -0.159233 0.203338 0 0
v -0.234166 0.1582 0.240244 0 0
v -0.217333 -0.00506407 0.273289 0 0
v -0.233438 -0.011344 0.269835 0 0
v -0.244006 -0.0962859 0.254889 0 0
v -0.234152 0.0870498 0.267653 0 0
v -0.250545 -0.0145118 0.267047 0 0
v -0.237332 -0.0147469 0.256161 0 0
v -0.218506 -0.124119 0.241629 0 0
v -0.249836 0.228587 0.137717 0 0
v -0.229031 0.112596 0.285469 0 0
v -0.222347 0.0629677 0.282877 0 0
v -0.242294 0.00219092 0.274139 0 0
v -0.250419 0.179478 0.199272 0 0
v -0.269475 0.219555 0.114973 0 0
v -0.249752 0.160279 0.210169 0 0
v -0.229238 -0.11155 0.238875 0 0
v -0.233963 0.126417 0.284422 0 0
v -0.222694 0.106659 0.266549 0 0
v -0.227229 0.000777159 0.268419 0 0
v -0.220283 0.104163 0.256145 0 0
v -0.232471 -0.172124 0.192402 0 0
v -0.225162 0.0245573 0.265531 0 0
v -0.224837 -0.152991 0.194014 0 0
v -0.238138 -0.231004 0.164554 0 0
v -0.225456 0.173355 0.220693 0 0
v -0.221701 -0.240337 0.169891 0 0
v -0.221825 0.169846 0.224822 0 0
v -0.230104 -0.257884 0.168104 0 0
v -0.229716 -0.188189 0.184224 0 0
v -0.220184 0.149338 0.257841 0 0
v -0.220513 0.0544193 0.25503 0 0
v -0.224706 -0.0990057 0.259621 0 0
v -0.243103 0.230601 0.140849 0 0
v -0.225059 -0.0614843 0.276418 0 0
v -0.235656 -0.137286 0.220843 0 0
v -0.210567 -0.205654 0.180954 0 0
v -0.209503 -0.142074 0.206212 0 0
v -0.230778 -0.165872 0.20762 0 0
v -0.200689 -0.220752 0.159551 0 0
v -0.201927 0.184226 0.186771 0 0
v -0.194902 -0.092347 0.243118 0 0
v -0.217753 0.0999423 0.265853 0 0
v -0.194101 0.0173217 0.243988 0 0
v -0.208652 -0.212718 0.193835 0 0
v -0.220774 -0.226866 0.165499 0 0
v -0.19981 0.105611 0.281397 0 0
v -0.188816 -0.151433 0.196166 0 0
v -0.200385 0.102151 0.278908 0 0
v -0.205609 0.223121 0.123155 0 0
v -0.190712 0.0256835 0.229867 0 0
v -0.23049 0.243974 0.0926256 0 0
v -0.196821 0.0461756 0.250478 0 0
v -0.215881 -0.127108 0.205327 0 0
v -0.199844 -0.26023 0.17575 0 0
v -0.208808 0.210545 0.169595 0 0
v -0.189943 0.0058896 0.228186 0 0
v -0.199422 -0.0935004 0.233446 0 0
v -0.199435 -0.179089 0.165123 0 0
v -0.20885 0.242102 0.0799967 0 0
v -0.189806 0.187662 0.201205 0 0
v -0.183745 -0.216793 0.161625 0 0
v -0.186144 -0.0342104 0.252257 0 0
v -0.185315 -0.193672 0.203584 0 0
v -0.205341 0.236722 0.0520721 0 0
v -0.192933 0.204228 0.173168 0 0
v -0.190456 0.1478 0.245272 0 0
v -0.194654 -0.104729 0.235083 0 0
v -0.191591 -0.240589 0.152677 0 0
v -0.181929 0.110282 0.270225 0 0
v -0.192312 0.0201687 0.254757 0 0
v -0.18422 0.15394 0.233653 0 0
v -0.176559 0.139636 0.266714 0 0
v -0.16931 -0.15684 0.177775 0 0
v -0.186099 -0.217794 0.17165 0 0
v -0.194223 -0.267789 0.157008 0 0
v -0.217223 0.28136 0.0481065 0 0
v -0.161525 0.141197 0.245499 0 0
v -0.191633 -0.14876 0.214249 0 0
v -0.153783 -0.000680227 0.227878 0 0
v -0.188247 -0.176354 0.174915 0 0
v -0.193617 0.183238 0.222277 0 0
v -0.177024 0.169222 0.224068 0 0
v -0.177969 -0.214793 0.150697 0 0
v -0.192952 0.00912298 0.251229 0 0
v -0.148761 -0.0908505 0.230869 0 0
v -0.152238 0.13213 0.23288 0 0
v -0.156917 -0.105533 0.221184 0 0
v -0.17321 -0.16177 0.198766 0 0
v -0.164467 0.0877464 0.247418 0 0
v -0.171017 0.0675453 0.252778 0 0
v -0.160353 -0.094621 0.221729 0 0
v -0.180585 -0.23441 0.170739 0 0
v -0.16917 -0.135018 0.179008 0 0
v -0.148808 0.123622 0.269054 0 0
v -0.199901 0.170258 0.193786 0 0
v -0.163487 -0.0181281 0.222848 0 0
v -0.175284 0.206735 0.142139 0 0
v -0.161627 0.105428 0.252692 0 0
v -0.166712 -0.16704 0.178188 0 0
v -0.149332 0.0787231 0.245364 0 0
v -0.169303 0.0718366 0.247047 0 0
v -0.158993 0.0319807 0.245441 0 0
v -0.156896 0.0957464 0.24788 0 0
v -0.165895 0.000200944 0.242572 0 0
v -0.184643 -0.216211 0.15065 0 0
v -0.171527 0.232233 0.0719436 0 0
v -0.175549 0.0724786 0.242552 0 0
v -0.159236 -0.0704103 0.219761 0 0
v -0.175129 0.0714699 0.224086 0 0
v -0.174189 0.26135 0.0707933 0 0
v -0.145821 0.129837 0.250483 0 0
v -0.168576 -0.144852 0.17757 0 0
v -0.171276 -0.148798 0.16559 0 0
v -0.149257 0.200249 0.17618 0 0
v -0.169043 0.0751991 0.25427 0 0
v -0.131505 -0.12515 0.215992 0 0
v -0.161754 -0.0628194 0.242481 0 0
v -0.164831 -0.00230736 0.225481 0 0
v -0.137212 -0.0455736 0.228944 0 0
v -0.164671 -0.225791 0.119263 0 0
v -0.132948 0.00873994 0.227345 0 0
v -0.1715 0.184988 0.147514 0 0
v -0.156174 0.194066 0.171735 0 0
v -0.169817 0.193462 0.17081 0 0
v -0.138209 0.0955495 0.247522 0 0
v -0.151342 0.00291214 0.214489 0 0
v -0.145294 -0.128689 0.190668 0 0
v -0.162641 0.201312 0.155249 0 0
v -0.123728 0.138637 0.251199 0 0
v -0.145223 -0.148452 0.165493 0 0
v -0.145781 0.153541 0.250648 0 0
v -0.129477 0.0910672 0.225733 0 0
v -0.137327 -0.0441076 0.232608 0 0
v -0.146293 -0.168144 0.147474 0 0
v -0.137677 0.175533 0.171029 0 0
v -0.147193 -0.0117956 0.207684 0 0
v -0.131663 -0.014534 0.229805 0 0
v -0.141022 -0.0906988 0.209136 0 0
v -0.125307 -0.147668 0.157066 0 0
v -0.150608 0.221635 0.174576 0 0
v -0.138751 0.177256 0.196129 0 0
v -0.151841 -0.0376591 0.214525 0 0
v -0.130174 -0.0808278 0.231267 0 0
v -0.126264 -0.123006 0.204917 0 0
v -0.143674 0.06407 0.216807 0 0
v -0.127616 -0.230535 0.133964 0 0
v -0.136206 -0.210734 0.143653 0 0
v -0.148248 0.249161 0.066203 0 0
v -0.143021 -0.227272 0.157615 0 0
v -0.12778 -0.206231 0.147011 0 0
v -0.129786 0.0644821 0.225203 0 0
v -0.140481 0.186221 0.176943 0 0
v -0.128875 -0.123472 0.194684 0 0
v -0.115165 -0.0481151 0.218162 0 0
v -0.128317 -0.18148 0.15615 0 0
v -0.138968 -0.177345 0.149147 0 0
v -0.130898 -0.246621 0.143341 0 0
v -0.130843 -0.210216 0.138145 0 0
v -0.15041 0.248103 0.0739068 0 0
v -0.136141 0.163143 0.19256 0 0
v -0.123439 0.167962 0.189165 0 0
v -0.108142 0.0720307 0.210214 0 0
v -0.117991 -0.191095 0.144415 0 0
v -0.124042 0.157364 0.216944 0 0
v -0.122039 0.134376 0.252004 0 0
v -0.102572 0.0539268 0.217391 0 0
v -0.103661 -0.0204133 0.208381 0 0
v -0.124483 -0.230954 0.142414 0 0
v -0.108585 -0.0837906 0.215184 0 0
v -0.114621 -0.123813 0.162393 0 0
v -0.119127 0.150264 0.238706 0 0
v -0.106759 -0.219166 0.14594 0 0
v -0.105331 -0.215134 0.122906 0 0
v -0.108876 0.125243 0.229846 0 0
v -0.118417 0.0454921 0.235421 0 0
v -0.105244 -0.0209012 0.205035 0 0
v -0.0925814 -0.140787 0.183299 0 0
v -0.120763 -0.0994884 0.194941 0 0
v -0.14058 0.271451 0.0550769 0 0
v -0.106432 0.221261 0.115614 0 0
v -0.0902177 0.0630267 0.220726 0 0
v -0.0953928 0.0242697 0.22805 0 0
v -0.1062 -0.0818898 0.209381 0 0
v -0.0847647 -0.170494 0.149831 0 0
v -0.118087 -0.175977 0.146811 0 0
v -0.111382 0.272485 0.0404733 0 0
v -0.105767 0.147069 0.242674 0 0
v -0.102713 -0.0871101 0.195592 0 0
v -0.11553 0.260845 0.0436984 0 0
v -0.0951305 0.227033 0.078047 0 0
v -0.103301 -0.0669108 0.222444 0 0
v -0.112332 0.129305 0.21786 0 0
v -0.0957055 0.110978 0.230832 0 0
v -0.109029 -0.217229 0.126082 0 0
v -0.103292 0.254958 0.0493415 0 0
v -0.109124 0.270429 0.0355118 0 0
v -0.079262 0.0457596 0.203095 0 0
v -0.0927412 -0.0689645 0.197307 0 0
v -0.109745 -0.0877835 0.199283 0 0
v -0.114774 -0.184393 0.149524 0 0
v -0.105858 -0.23229 0.120605 0 0
v -0.0943377 0.0726804 0.217418 0 0
v -0.105966 -0.178186 0.152134 0 0
v -0.0856234 0.189223 0.151121 0 0
v -0.114101 -0.0356566 0.202112 0 0
v -0.0879686 -0.103055 0.176078 0 0
v -0.0895383 0.201413 0.122592 0 0
v -0.0901962 0.199965 0.146879 0 0
v -0.107921 0.170445 0.222588 0 0
v -0.0792074 -0.0257546 0.203132 0 0
v -0.0927182 0.134541 0.237305 0 0
v -0.0878353 0.0636162 0.20779 0 0
v -0.0898256 -0.0199257 0.196268 0 0
v -0.101951 -0.177007 0.133649 0 0
v -0.10495 -0.210318 0.126516 0 0
v -0.0824719 -0.226022 0.113559 0 0
v -0.102613 0.232315 0.0768256 0 0
v -0.0791814 0.0720383 0.226046 0 0
v -0.088565 0.0777802 0.207089 0 0
v -0.101071 -0.0185325 0.218749 0 0
v -0.0967718 -0.246431 0.0973266 0 0
v -0.0945359 -0.0236028 0.205215 0 0
v -0.0929868 0.239978 0.0549651 0 0
v -0.0592688 0.151382 0.200831 0 0
v -0.0723591 0.159074 0.245735 0 0
v -0.101981 -0.0409103 0.193023 0 0
v -0.0825964 -0.148969 0.145298 0 0
v -0.093866 -0.251064 0.107555 0 0
v -0.0800373 0.00240879 0.19639 0 0
v -0.070953 -0.240643 0.121269 0 0
v -0.0825902 -0.0707119 0.210275 0 0
v -0.0997865 -0.152218 0.172928 0 0
v -0.0773998 -0.194007 0.121816 0 0
v -0.0792692 -0.0418415 0.197508 0 0
v -0.0673801 -0.088463 0.187647 0 0
v -0.0709087 -0.23461 0.122092 0 0
v -0.0718438 0.0453476 0.194788 0 0
v -0.0854697 0.102143 0.196236 0 0
v -0.0832966 -0.200734 0.111349 0 0
v -0.074617 -0.028306 0.201483 0 0
v -0.0535663 0.143923 0.206299 0 0
v -0.0775251 0.113615 0.210458 0 0
v -0.0750926 0.089704 0.209259 0 0
v -0.0956443 -0.175929 0.11089 0 0
v -0.0694112 0.21797 0.122857 0 0
v -0.0691374 0.0647483 0.203814 0 0
v -0.0800536 0.00821187 0.214323 0 0
v -0.0783373 0.241515 0.0620553 0 0
v -0.0825982 0.110866 0.218593 0 0
v -0.0680449 -0.0637449 0.18711 0 0
v -0.0909331 -0.221862 0.124286 0 0
v -0.0826532 0.17393 0.188068 0 0
v -0.0753669 -0.0282524 0.204494 0 0
v -0.0656831 -0.178173 0.119607 0 0
v -0.0718223 -0.130855 0.146947 0 0
v -0.071444 -0.219608 0.114903 0 0
v -0.0779654 0.286992 0.000947529 0 0
v -0.0556214 -0.164597 0.119837 0 0
v -0.0701568 -0.134631 0.153251 0 0
v -0.0495595 -0.200708 0.109416 0 0
v -0.0571813 0.101262 0.189319 0 0
v -0.0719902 0.236696 0.0710699 0 0
v -0.0507501 -0.0617272 0.205171 0 0
v -0.0518749 -0.0998974 0.183824 0 0
v -0.0660696 -0.142588 0.165995 0 0
v -0.0589873 -0.126422 0.13524 0 0
v -0.0544504 0.222579 0.116125 0 0
v -0.0695705 -0.185908 0.125917 0 0
v -0.0528834 -0.00706086 0.209164 0 0
v -0.0691671 -0.0487775 0.188816 0 0
v -0.0381979 0.115378 0.207498 0 0
v -0.0357627 -0.000541921 0.198418 0 0
v -0.0444429 0.092115 0.219252 0 0
v -0.049061 -0.00404837 0.196035 0 0
v -0.0477399 0.168811 0.16422 0 0
v -0.0359732 -0.0156867 0.199368 0 0
v -0.0475854 -0.109671 0.125846 0 0
v -0.0522461 0.257404 0.0421286 0 0
v -0.0562065 0.103846 0.191719 0 0
v -0.048463 0.166847 0.21256 0 0
v -0.0238051 0.0794033 0.200643 0 0
v -0.044984 0.0440937 0.179621 0 0
v -0.051358 0.00195947 0.195396 0 0
v -0.049767 -0.194944 0.0952169 0 0
v -0.0409273 0.116052 0.20854 0 0
v -0.0479853 0.0987536 0.197365 0 0
v -0.0391532 -0.19312 0.0969489 0 0
v -0.0542336 -0.203711 0.106843 0 0
v -0.032197 0.0401641 0.169969 0 0
v -0.0414169 0.09583 0.219191 0 0
v -0.034986 -0.0940118 0.137638 0 0
v -0.0546585 0.0250914 0.19728 0 0
v -0.0248073 -0.100407 0.167767 0 0
v -0.0335704 0.233306 0.0584405 0 0
v -0.01475 0.0375669 0.176535 0 0
v -0.0347583 -0.0894954 0.160484 0 0
v -0.0275092 0.16687 0.190664 0 0
v -0.0219202 0.236196 0.0896406 0 0
v -0.0271044 -0.195399 0.12126 0 0
v -0.0330851 0.215537 0.0989652 0 0
v -0.00873445 -0.099036 0.150543 0 0
v -0.0211348 -0.0998488 0.14669 0 0
v -0.0133217 0.111133 0.201373 0 0
v -0.0110063 0.195557 0.0920708 0 0
v -0.0114694 -0.0337577 0.168979 0 0
v -0.023382 -0.0145333 0.185145 0 0
v -0.020561 -0.203405 0.0723941 0 0
v -0.00598862 0.049543 0.170356 0 0
v -0.0189713 0.0329237 0.193981 0 0
v -0.00364092 -0.230779 0.0894685 0 0
v 0.0172955 0.247308 0.00564956 0 0
v -0.0177045 0.225392 0.0615884 0 0
v 0.0099939 -0.00707665 0.180554 0 0
v -0.0199899 -0.0270954 0.186394 0 0
v 0.00212861 -0.107891 0.125947 0 0
v -0.0164723 -0.0982948 0.141664 0 0
v -0.0261421 -0.0975766 0.141904 0 0
v -0.00177175 -0.184315 0.0990777 0 0
v 0.0084516 0.147309 0.174218 0 0
v -0.000460288 0.0642578 0.168124 0 0
v 0.0087238 0.0116296 0.160401 0 0
v 0.00553472 -0.0744552 0.158842 0 0
v -0.00135882 -0.0926735 0.143129 0 0
v 0.000331519 0.266053 0.00412177 0 0
v -0.0051973 0.143952 0.20258 0 0
v 0.00642494 -0.198706 0.0793796 0 0
v -0.00591511 0.222442 0.0748163 0 0
v -0.0149895 0.141355 0.170081 0 0
v 0.0151008 0.0152333 0.168882 0 0
v -0.00318489 0.0141077 0.165309 0 0
v -0.00495239 -0.171493 0.0779714 0 0
v 0.0160047 0.176246 0.149915 0 0
v 0.0103997 0.0692235 0.186478 0 0
v 0.0120807 -0.160094 0.0954986 0 0
v 0.0106982 0.0194441 0.158031 0 0
v 0.0145248 0.239555 0.0462781 0 0
v 0.0180324 0.147227 0.176044 0 0
v 0.00199108 0.127387 0.184964 0 0
v 0.0088396 0.115958 0.183219 0 0
v 0.0121313 -0.00633277 0.170237 0 0
v 0.00638587 -0.153889 0.112326 0 0
v 0.00674002 0.243213 0.0279622 0 0
v 0.0137536 0.252249 0.0526273 0 0
v 0.0228485 0.077713 0.175572 0 0
v 0.00854661 -0.00330606 0.159753 0 0
v 0.0222564 -0.14935 0.0878838 0 0
v 0.0222827 0.271461 -0.0137405 0 0
v 0.0260941 0.0699972 0.169842 0 0
v 0.0204172 0.281518 -0.0348042 0 0
v 0.012146 0.0745053 0.16857 0 0
v 0.0245609 0.0943924 0.170018 0 0
v 0.0338198 -0.0853686 0.134148 0 0
v 0.0293424 0.253594 -0.0200367 0 0
v 0.0163928 0.0934678 0.16867 0 0
v 0.026849 -0.0734964 0.137191 0 0
v 0.03035 0.0949891 0.169833 0 0
v 0.0250327 -0.142344 0.0925952 0 0
v 0.0137448 -0.00882443 0.152303 0 0
v 0.0152146 -0.118787 0.0971949 0 0
v 0.0362663 0.279682 -0.0556091 0 0
v 0.0195117 0.206403 0.117018 0 0
v 0.0389954 0.0609606 0.176869 0 0
v 0.0331101 0.13144 0.179423 0 0
v 0.0287378 0.0744882 0.158549 0 0
v 0.0395124 0.00540999 0.144002 0 0
v 0.0331986 0.148791 0.183268 0 0
v 0.0199847 0.17716 0.151788 0 0
v 0.0507458 -0.138601 0.0978788 0 0
v 0.0258035 0.000950905 0.149387 0 0
v 0.0300008 -0.0973584 0.121412 0 0
v 0.0143061 -0.151899 0.0963146 0 0
v 0.0249694 -0.0348324 0.169538 0 0
v 0.0458137 0.0094484 0.158471 0 0
v 0.0670698 -0.158337 0.0877287 0 0
v 0.0471614 0.00148898 0.159363 0 0
v 0.0537277 -0.161373 0.0779607 0 0
v 0.0453046 0.258871 0.0122941 0 0
v 0.0388926 -0.00648604 0.138206 0 0
v 0.0567208 0.235617 0.0592635 0 0
v 0.0709998 0.134861 0.179392 0 0
v 0.0347012 0.0828923 0.177309 0 0
v 0.0518699 0.0676979 0.162583 0 0
v 0.0514029 -0.134097 0.0898538 0 0
v 0.0550229 0.0821477 0.134318 0 0
v 0.0647328 0.298247 -0.0160237 0 0
v 0.0625052 0.0906154 0.169704 0 0
v 0.0539364 0.00967853 0.157414 0 0
v 0.0658805 -0.0307284 0.144781 0 0
v 0.0480352 0.00482996 0.154327 0 0
v 0.0581755 0.00663375 0.159258 0 0
v 0.0507186 0.206664 0.0670833 0 0
v 0.0520816 -0.193614 0.0510321 0 0
v 0.0580679 -0.0321472 0.152835 0 0
v 0.0691002 -0.0976204 0.0905712 0 0
v 0.059053 0.252602 -0.0322785 0 0
v 0.0507606 -0.147802 0.0917601 0 0
v 0.0887318 0.196595 0.0952912 0 0
v 0.0534403 0.0583917 0.135312 0 0
v 0.0495306 0.040859 0.138257 0 0
v 0.0634934 -0.181728 0.0613977 0 0
v 0.0658919 0.00205629 0.135263 0 0
v 0.0668921 -0.109623 0.118572 0 0
v 0.0675032 0.023053 0.154229 0 0
v 0.0714628 -0.104083 0.097344 0 0
v 0.0753408 0.169435 0.16008 0 0
v 0.0732592 -0.0526922 0.145864 0 0
v 0.068683 0.197662 0.109157 0 0
v 0.0642653 0.114934 0.140597 0 0
v 0.0768112 0.272713 -0.0369386 0 0
v 0.0940542 0.226497 0.0173851 0 0
v 0.0876215 0.154281 0.143271 0 0
v 0.0841974 0.113018 0.145995 0 0
v 0.0722701 0.134074 0.169768 0 0
v 0.0714369 0.143874 0.156313 0 0
v 0.0981591 -0.194878 0.0404249 0 0
v 0.0866744 0.179542 0.0906038 0 0
v 0.0902516 -0.160184 0.0707302 0 0
v 0.0912035 0.175196 0.127533 0 0
v 0.10149 0.19376 0.0703433 0 0
v 0.0911181 0.183884 0.0887944 0 0
v 0.0813721 -0.0914371 0.11285 0 0
v 0.0974972 -0.115133 0.0833663 0 0
v 0.097984 0.0980655 0.153802 0 0
v 0.10052 0.244969 -0.0257689 0 0
v 0.092629 -0.0234278 0.121572 0 0
v 0.103553 -0.171217 0.0353662 0 0
v 0.1082 0.22855 0.0828372 0 0
v 0.0829852 0.149365 0.156871 0 0
v 0.0831283 0.013628 0.132406 0 0
v 0.10165 -0.011098 0.13393 0 0
v 0.112008 -0.0250427 0.130762 0 0
v 0.10266 0.292281 -0.0519955 0 0
v 0.0868506 0.212234 0.0482133 0 0
v 0.0765744 0.0486191 0.119171 0 0
v 0.110176 -0.104099 0.0826009 0 0
v 0.0858287 -0.105045 0.0859775 0 0
v 0.0924972 0.196168 0.0635395 0 0
v 0.0802596 0.219884 0.0376967 0 0
v 0.0990886 0.0271838 0.128361 0 0
v 0.0826956 0.017137 0.138002 0 0
v 0.103887 -0.0751643 0.119454 0 0
v 0.117082 0.108198 0.148079 0 0
v 0.104677 -0.100647 0.0853064 0 0
v 0.11204 0.0650507 0.147327 0 0
v 0.100445 -0.0357046 0.124905 0 0
v 0.115746 0.289482 -0.0709364 0 0
v 0.102608 0.0911669 0.135351 0 0
v 0.127751 -0.207673 0.0314663 0 0
v 0.118933 0.170165 0.144598 0 0
v 0.133616 -0.182413 0.0384819 0 0
v 0.131081 0.0822985 0.128801 0 0
v 0.105248 0.0945292 0.140854 0 0
v 0.110746 0.269164 -0.0409604 0 0
v 0.104135 0.090793 0.129075 0 0
v 0.114883 -0.00728945 0.13444 0 0
v 0.102316 -0.0289073 0.117576 0 0
v 0.108245 -0.114616 0.052382 0 0
v 0.111289 0.0699213 0.118748 0 0
v 0.119861 -0.0331059 0.106245 0 0
v 0.139607 0.258568 -0.0181472 0 0
v 0.1153 -0.02667 0.123306 0 0
v 0.125822 0.195056 0.0779691 0 0
v 0.129542 -0.0911134 0.0868685 0 0
v 0.125679 -0.163485 0.0253847 0 0
v 0.121594 0.0484915 0.116926 0 0
v 0.121558 0.0134835 0.132118 0 0
v 0.106218 -0.0439926 0.1127 0 0
v 0.120032 -0.113849 0.0728551 0 0
v 0.139023 0.0145079 0.117059 0 0
v 0.115211 -0.0607221 0.0959717 0 0
v 0.118222 -0.102031 0.0742964 0 0
v 0.129965 0.0956161 0.120004 0 0
v 0.130095 -0.0860979 0.0921946 0 0
v 0.139111 -0.15309 0.064297 0 0
v 0.129907 -0.170594 0.0458443 0 0
v 0.139202 0.2097 0.00983024 0 0
v 0.146802 0.285163 -0.0834403 0 0
v 0.119853 0.199113 0.0191216 0 0
v 0.130823 -0.0386547 0.127017 0 0
v 0.135589 -0.126757 0.0730609 0 0
v 0.145854 0.229293 0.0183675 0 0
v 0.135598 -0.041548 0.100617 0 0
v 0.127729 -0.0699989 0.0854707 0 0
v 0.132865 -0.105965 0.0686934 0 0
v 0.132158 0.0799318 0.115788 0 0
v 0.142338 -0.188516 0.0268231 0 0
v 0.144222 -0.0115563 0.097518 0 0
v 0.130484 0.0707675 0.116035 0 0
v 0.144337 0.191875 0.085865 0 0
v 0.133517 -0.0177955 0.108919 0 0
v 0.139292 0.0392744 0.105464 0 0
v 0.163984 -0.0251171 0.111587 0 0
v 0.155839 0.269108 -0.0789253 0 0
v 0.169262 0.249882 -0.0476922 0 0
v 0.161983 0.0783776 0.113831 0 0
v 0.134962 -0.100264 0.067107 0 0
v 0.149403 0.24196 -0.0187585 0 0
v 0.146058 0.0376717 0.113844 0 0
v 0.148722 0.0110869 0.0968855 0 0
v 0.165897 -0.0945962 0.0724345 0 0
v 0.140268 0.104544 0.107002 0 0
v 0.156384 0.0860799 0.0992776 0 0
v 0.159893 0.0300571 0.127568 0 0
v 0.162101 0.169417 0.103101 0 0
v 0.14527 0.0176779 0.101737 0 0
v 0.15873 0.0974152 0.108585 0 0
v 0.16331 0.0455094 0.104989 0 0
v 0.152864 -0.0135963 0.0963658 0 0
v 0.179879 0.272781 -0.0642335 0 0
v 0.174241 0.0768896 0.109082 0 0
v 0.179174 -0.0041919 0.121405 0 0
v 0.166489 -0.063219 0.0611957 0 0
v 0.180468 -0.127956 0.0436258 0 0
v 0.148192 0.218214 0.0377006 0 0
v 0.173975 0.117807 0.0906552 0 0
v 0.17494 0.0901157 0.109121 0 0
v 0.163646 -0.0988888 0.0485907 0 0
v 0.183859 0.256113 -0.0707513 0 0
v 0.167239 0.041732 0.0978635 0 0
v 0.162391 -0.0051302 0.0908564 0 0
v 0.183108 0.110086 0.100544 0 0
v 0.195771 0.263214 -0.0955761 0 0
v 0.180476 0.133525 0.101893 0 0
v 0.170053 0.11046 0.11042 0 0
v 0.188643 0.0674519 0.0697498 0 0
v 0.167045 -0.123211 0.0362468 0 0
v 0.191663 0.087169 0.0895484 0 0
v 0.171535 -0.0729834 0.0457253 0 0
v 0.188985 -0.00451457 0.0941504 0 0
v 0.18761 -0.0667511 0.0528304 0 0
v 0.178213 -0.0965452 0.0486513 0 0
v 0.196554 0.26597 -0.0657776 0 0
v 0.184333 0.0168706 0.0902876 0 0
v 0.197602 -0.0547478 0.0662011 0 0
v 0.180809 -0.097638 0.0383321 0 0
v 0.180746 0.0709003 0.094662 0 0
v 0.208042 -0.082543 0.0380337 0 0
v 0.200607 -0.158295 0.0122073 0 0
v 0.224401 0.26864 -0.0904491 0 0
v 0.184988 0.115203 0.0995679 0 0
v 0.189486 -0.0296301 0.0903749 0 0
v 0.20818 0.0956368 0.0831884 0 0
v 0.201018 0.0541074 0.0902138 0 0
v 0.192768 0.0160946 0.0765231 0 0
v 0.202492 -0.166754 -0.00695107 0 0
v 0.22053 0.232555 -0.0552589 0 0
v 0.19246 0.120835 0.0868132 0 0
v 0.201856 -0.0443804 0.0859103 0 0
v 0.21493 -0.0223142 0.0766275 0 0
v 0.20157 -0.144596 0.00120818 0 0
v 0.221765 0.178386 0.0568211 0 0
v 0.190462 0.0487402 0.0835887 0 0
v 0.218135 0.22984 -0.0141064 0 0
v 0.211832 -0.0640564 0.0423127 0 0
v 0.204003 0.0136226 0.0627761 0 0
v 0.217873 -0.00274647 0.091257 0 0
v 0.216263 -0.170109 -0.0179641 0 0
v 0.204299 0.0482733 0.0658523 0 0
v 0.235661 0.187267 0.0470984 0 0
v 0.203977 0.0715639 0.0821097 0 0
v 0.25433 0.257119 -0.126719 0 0
v 0.207984 0.0755227 0.0770824 0 0
v 0.216786 -0.129498 -0.00502243 0 0
v 0.230112 0.18983 0.0244291 0 0
v 0.222471 -0.168711 -0.0451068 0 0
v 0.230129 0.0146422 0.0797261 0 0
v 0.224072 -0.168983 -0.0315697 0 0
v 0.233388 0.192206 0.0196897 0 0
v 0.222062 0.0171654 0.0890845 0 0
v 0.23367 0.14159 0.0981329 0 0
v 0.221043 0.0113286 0.067325 0 0
v 0.227052 -0.140236 -0.00456144 0 0
v 0.249891 -0.128017 -0.00112931 0 0
v 0.230918 -0.0319817 0.0653814 0 0
v 0.245653 0.041595 0.0767095 0 0
v 0.241368 0.182642 0.0304652 0 0
v 0.272883 0.256577 -0.122103 0 0
v 0.244074 -0.0444087 0.0452942 0 0
v 0.249291 0.0740827 0.0731401 0 0
v 0.2254 0.0494452 0.0549374 0 0
v 0.235513 -0.0526661 0.0403956 0 0
v 0.238942 0.128083 0.0825272 0 0
v 0.245025 0.00053797 0.0576818 0 0
v 0.267756 -0.133831 -0.00606237 0 0
v 0.25839 0.126715 0.0699498 0 0
v 0.251903 -0.0777881 0.0203723 0 0
v 0.274391 -0.0595476 0.0181645 0 0
v 0.268517 0.238135 -0.0461986 0 0
v 0.260311 0.205837 -0.0227536 0 0
v 0.258253 0.202752 0.0146396 0 0
v 0.252483 -0.0965571 0.0115206 0 0
v 0.254764 -0.00267657 0.0619125 0 0
v 0.271744 -0.0564188 0.0337562 0 0
v 0.264815 0.103247 0.0382188 0 0
v 0.25715 -0.0535394 0.0461346 0 0
v 0.26269 -0.103621 0.00699238 0 0
v 0.266084 0.112906 0.0662254 0 0
v 0.272632 0.0888515 0.0649302 0 0
v 0.253896 -0.0762649 0.00779068 0 0
v 0.2858 -0.152295 -0.0115763 0 0
v 0.282471 0.249715 -0.114067 0 0
v 0.257923 0.155641 0.0704675 0 0
v 0.269335 0.038382 0.0357024 0 0
v 0.280902 -0.14908 -0.033871 0 0
v 0.276197 0.0328805 0.0530469 0 0
v 0.298409 0.245543 -0.111492 0 0
v 0.285807 0.212582 -0.0754928 0 0
v 0.280102 0.120892 0.0453975 0 0
v 0.272616 -0.0172348 0.0468013 0 0
v 0.285883 -0.0745328 0.00860078 0 0
v 0.265833 -0.0915497 -0.014372 0 0
v 0.269901 0.0182215 0.0246198 0 0
v 0.293115 -0.0550208 0.0532717 0 0
v 0.277236 0.0334977 0.0321734 0 0
v 0.283315 0.0155164 0.0519243 0 0
v 0.278695 0.138828 0.0556553 0 0
v 0.295365 0.026619 0.0373339 0 0
v 0.309771 -0.0732451 -0.0138088 0 0
v 0.29181 0.00232608 0.0491458 0 0
v 0.290568 -0.133166 -0.0487908 0 0
v 0.304145 0.238501 -0.0905477 0 0
v 0.278516 0.165111 0.0606553 0 0
v 0.282447 0.0848708 0.0321986 0 0
v 0.310883 0.15536 0.0204682 0 0
v 0.295361 0.210384 -0.0626846 0 0
v 0.296002 0.0176854 0.0430592 0 0
v 0.323018 0.196866 -0.0636253 0 0
v 0.30498 0.204522 -0.0121554 0 0
v 0.303771 0.138971 0.0321289 0 0
v 0.296873 -0.0488787 0.0156859 0 0
v 0.297101 0.00830854 0.0468548 0 0
v 0.315186 -0.119499 -0.0313652 0 0
v 0.303558 -0.0640642 -0.00260484 0 0
v 0.31103 0.0737393 0.0147118 0 0
v 0.322522 0.106079 0.0334882 0 0
v 0.310677 0.0598413 0.0235759 0 0
v 0.326082 -0.032235 0.00125864 0 0
v 0.324736 -0.0929887 -0.0191897 0 0
v 0.330618 -0.109227 -0.0520186 0 0
v 0.340106 0.119259 0.0230904 0 0
v 0.331618 0.0518173 0.00638636 0 0
v 0.346053 0.177755 -0.0469026 0 0
v 0.318703 0.0952372 0.0260001 0 0
v 0.334078 -0.016715 -0.0021687 0 0
v 0.333748 0.17068 -0.0218942 0 0
v 0.34218 -0.0838511 -0.0249563 0 0
v 0.344803 0.0499558 0.025217 0 0
v 0.347424 0.0142262 0.0183481 0 0
v 0.33587 -0.0135754 0.0160817 0 0
v 0.365565 -0.0608177 -0.0329348 0 0
v 0.359391 0.205575 -0.0687807 0 0
v 0.319717 0.142491 0.0124142 0 0
v 0.354327 0.158718 0.00366598 0 0
v 0.387801 0.240485 -0.188808 0 0
v 0.355815 0.165006 -0.0400653 0 0
v 0.343246 0.0210287 0.0169031 0 0
v 0.371097 0.0436339 0.0178077 0 0
v 0.371332 -0.0669794 -0.0452967 0 0
v 0.384646 0.228818 -0.167903 0 0
v 0.365066 0.192132 -0.0790383 0 0
v 0.34248 5.11962e-05 0.0162017 0 0
v 0.346412 -0.0510438 -0.0423997 0 0
v 0.386101 0.203433 -0.118045 0 0
v 0.347447 0.150536 -0.00075078 0 0
v 0.360002 0.106004 -0.0080817 0 0
v 0.343074 0.130554 0.00922913 0 0
v 0.381054 -0.10403 -0.0695847 0 0
v 0.361478 0.150619 -0.0192006 0 0
v 0.350822 0.154224 0.00356864 0 0
v 0.337704 0.101002 -0.00501868 0 0
v 0.359365 0.162675 -0.0441608 0 0
v 0.364687 0.100463 -0.00304327 0 0
v 0.357125 0.0871501 -0.00516654 0 0
v 0.387565 -0.0855301 -0.0898149 0 0
v 0.350378 0.15457 -0.036762 0 0
v 0.374504 0.187851 -0.0311738 0 0
v 0.382508 -0.0588637 -0.0446681 0 0
v 0.375804 0.095949 -0.01584 0 0
v 0.3742 0.0688898 -0.0155838 0 0
v 0.367487 -0.0150823 -0.0119244 0 0
v 0.394135 -0.0925494 -0.0723956 0 0
v 0.380941 0.0436352 -0.0136457 0 0
v 0.384489 0.0253671 -0.0401712 0 0
v 0.372075 0.154619 0.00163415 0 0
v 0.375614 0.0249412 -0.0127743 0 0
v 0.411146 0.130944 -0.012834 0 0
v 0.408574 0.0953618 -0.0359659 0 0
v 0.403473 0.158962 -0.106633 0 0
v 0.409385 0.0451775 -0.0306555 0 0
v 0.389311 0.00314017 -0.0296259 0 0
v 0.403229 -0.0707461 -0.0927044 0 0
v 0.416591 0.161128 -0.0671721 0 0
v 0.407266 -0.0367263 -0.0565978 0 0
v 0.427924 0.183127 -0.099453 0 0
v 0.414878 -0.0368773 -0.0885435 0 0
v 0.410026 0.0418463 -0.0170751 0 0
v 0.440993 -0.084454 -0.104764 0 0
v 0.408793 0.107608 -0.0278717 0 0
v 0.401749 0.0596668 -0.0395264 0 0
v 0.463577 0.221148 -0.234888 0 0
v 0.42487 -0.0367557 -0.0767604 0 0
v 0.432455 -0.0842728 -0.117486 0 0
v 0.411086 0.116509 -0.0172565 0 0
v 0.43711 0.0913859 -0.0387305 0 0
v 0.427129 0.139128 -0.0265461 0 0
v 0.414742 0.134792 -0.0274435 0 0
v 0.413995 0.0623268 -0.0576836 0 0
v 0.43205 0.0353005 -0.0458321 0 0
v 0.445315 -0.0668994 -0.12173 0 0
v 0.444396 -0.049153 -0.121762 0 0
v 0.445442 0.16971 -0.117394 0 0
v 0.440319 0.083201 -0.0615087 0 0
v 0.431489 0.0237151 -0.0545739 0 0
v 0.485086 0.210228 -0.253811 0 0
v 0.438569 -0.00898426 -0.0744373 0 0
v 0.427708 0.0809448 -0.0577287 0 0
v 0.440935 -0.0154345 -0.0853281 0 0
v 0.457222 0.172067 -0.11848 0 0
v 0.451545 0.135839 -0.0965437 0 0
v 0.439072 0.0771647 -0.0470206 0 0
v 0.460572 -0.0449444 -0.117561 0 0
v 0.451173 0.134379 -0.084967 0 0
v 0.482026 0.183909 -0.271765 0 0
v 0.492504 0.201809 -0.256898 0 0
v 0.444644 0.0172647 -0.0571358 0 0
v 0.478489 0.194008 -0.217638 0 0
v 0.465265 0.127435 -0.0579219 0 0
v 0.478803 0.113036 -0.0883536 0 0
v 0.478257 0.136761 -0.0956155 0 0
v 0.463504 0.1258 -0.0806073 0 0
v 0.461776 0.119459 -0.0724152 0 0
v 0.46857 -0.0400832 -0.135271 0 0
v 0.450804 0.0940341 -0.0808726 0 0
v 0.52575 0.2003 -0.257628 0 0
v 0.490602 0.0393421 -0.0897008 0 0
v 0.50194 0.173512 -0.183267 0 0
v 0.498141 0.043035 -0.113504 0 0
v 0.528152 -0.0119986 -0.157008 0 0
v 0.525821 -0.0320902 -0.173266 0 0
v 0.504493 0.0993445 -0.127361 0 0
v 0.492561 0.0658224 -0.112307 0 0
v 0.515571 0.0942817 -0.141837 0 0
v 0.540334 -0.00470023 -0.173159 0 0
v 0.519299 0.0584066 -0.121671 0 0
v 0.54585 0.162798 -0.285707 0 0
v 0.533743 0.133074 -0.138622 0 0
v 0.539279 -0.00713783 -0.198896 0 0
v 0.542716 0.112904 -0.145573 0 0
v 0.556305 -0.00485478 -0.208623 0 0
v 0.580745 0.153271 -0.247907 0 0
v 0.554297 0.113963 -0.16582 0 0
v 0.555678 0.104284 -0.178146 0 0
v 0.574761 0.0848086 -0.197315 0 0
v 0.599294 0.12485 -0.19537 0 0
v 0.611262 0.130775 -0.303294 0 0
v 0.617911 0.0956849 -0.266086 0 0
v 0.625478 0.0889056 -0.271356 0 0
v 0.640357 0.111896 -0.304456 0 0
