v -0.675344 0.0353415 0.324588 0 0
v -0.676477 -0.0225278 0.321776 0 0
v -0.673222 0.036651 0.323472 0 0
v -0.674578 -0.0251276 0.320095 0 0
v -0.684468 -0.0947926 0.295465 0 0
v -0.669073 0.0327787 0.324201 0 0
v -0.679209 0.122244 0.295539 0 0
v -0.675515 0.0838705 0.304808 0 0
v -0.665115 0.0147234 0.330906 0 0
v -0.665985 0.0353905 0.322265 0 0
v -0.6637 0.0211614 0.328022 0 0
v -0.666371 -0.0186713 0.321291 0 0
v -0.671643 -0.059167 0.304735 0 0
v -0.675947 -0.0974987 0.293871 0 0
v -0.669518 -0.0526004 0.30682 0 0
v -0.674257 -0.0909037 0.294836 0 0
v -0.678314 -0.150663 0.284577 0 0
v -0.662886 0.0380081 0.320334 0 0
v -0.658938 0.0108862 0.330337 0 0
v -0.67468 -0.114742 0.290449 0 0
v -0.660817 0.0550141 0.312457 0 0
v -0.661545 -0.0395243 0.310598 0 0
v -0.661028 0.0734475 0.305279 0 0
v -0.651917 0.00705117 0.328637 0 0
v -0.668729 -0.16373 0.285535 0 0
v -0.665775 0.151521 0.289744 0 0
v -0.658226 0.0616073 0.309137 0 0
v -0.660386 -0.0645392 0.300239 0 0
v -0.698092 0.220268 0.199633 0 0
v -0.659841 0.159544 0.288122 0 0
v -0.657954 0.134477 0.289615 0 0
v -0.659719 -0.134838 0.285027 0 0
v -0.642805 0.0134854 0.325656 0 0
v -0.656381 0.184628 0.286871 0 0
v -0.653644 0.121288 0.290592 0 0
v -0.653563 0.119962 0.290803 0 0
v -0.728073 -0.235875 0.0959462 0 0
v -0.654615 -0.186562 0.281156 0 0
v -0.651031 -0.12968 0.283654 0 0
v -0.634879 0.016081 0.322846 0 0
v -0.640445 -0.0422629 0.304706 0 0
v -0.646789 -0.0965259 0.287913 0 0
v -0.648649 -0.131047 0.282988 0 0
v -0.646445 0.157172 0.285342 0 0
v -0.644424 0.12941 0.287218 0 0
v -0.650084 0.211825 0.268645 0 0
v -0.638622 0.113547 0.288682 0 0
v -0.639201 0.161281 0.283604 0 0
v -0.637955 0.122861 0.286948 0 0
v -0.625849 -0.00193365 0.319456 0 0
v -0.62645 -0.0135763 0.314372 0 0
v -0.665466 0.231017 0.201966 0 0
v -0.646065 0.216697 0.250759 0 0
v -0.622883 -0.0135831 0.313526 0 0
v -0.623486 -0.017481 0.311893 0 0
v -0.629794 0.0950261 0.291266 0 0
v -0.658615 0.228695 0.209343 0 0
v -0.623698 -0.0344693 0.304275 0 0
v -0.629942 -0.122031 0.280127 0 0
v -0.62383 -0.0621866 0.29324 0 0
v -0.62838 -0.152635 0.277175 0 0
v -0.625959 0.186666 0.280195 0 0
v -0.625541 0.14831 0.281345 0 0
v -0.680546 -0.227327 0.130219 0 0
v -0.615156 0.0435221 0.306306 0 0
v -0.620946 0.104477 0.286748 0 0
v -0.621535 -0.0861599 0.285121 0 0
v -0.614539 0.0566966 0.300827 0 0
v -0.623092 -0.135455 0.277179 0 0
v -0.619162 0.113831 0.284408 0 0
v -0.636086 -0.200763 0.237514 0 0
v -0.620011 0.202709 0.278397 0 0
v -0.619812 0.180201 0.278949 0 0
v -0.618311 0.120501 0.283117 0 0
v -0.614037 -0.0516602 0.294985 0 0
v -0.62091 -0.147458 0.275901 0 0
v -0.668714 -0.224329 0.143161 0 0
v -0.648465 0.231842 0.195544 0 0
v -0.618807 -0.171413 0.274389 0 0
v -0.615498 0.140516 0.279937 0 0
v -0.613174 -0.0755788 0.286433 0 0
v -0.644337 -0.210635 0.199344 0 0
v -0.613547 0.163128 0.278007 0 0
v -0.614363 -0.131602 0.275716 0 0
v -0.614968 -0.159534 0.274019 0 0
v -0.651716 -0.218645 0.166933 0 0
v -0.607778 -0.0703051 0.286822 0 0
v -0.597158 -0.000647017 0.313109 0 0
v -0.609188 -0.100981 0.279126 0 0
v -0.611047 -0.146307 0.273876 0 0
v -0.68159 -0.243478 0.0704188 0 0
v -0.595612 0.0318266 0.306468 0 0
v -0.59721 0.0528678 0.298211 0 0
v -0.602053 -0.0743519 0.284411 0 0
v -0.603723 0.163329 0.275886 0 0
v -0.597799 0.0674406 0.292804 0 0
v -0.594288 0.039706 0.302829 0 0
v -0.602696 0.191196 0.275037 0 0
v -0.601315 -0.113119 0.275204 0 0
v -0.599956 0.158092 0.275309 0 0
v -0.59986 0.151453 0.275585 0 0
v -0.599785 0.148789 0.2758 0 0
v -0.585808 0.00841491 0.312259 0 0
v -0.585074 0.000647914 0.31064 0 0
v -0.593191 0.108873 0.27958 0 0
v -0.582683 0.000648137 0.310057 0 0
v -0.594042 0.184769 0.27327 0 0
v -0.644657 -0.227822 0.126146 0 0
v -0.592774 0.178163 0.273107 0 0
v -0.592081 0.138263 0.275124 0 0
v -0.588058 -0.0691446 0.283008 0 0
v -0.592818 -0.162643 0.269109 0 0
v -0.578877 -0.00714663 0.306022 0 0
v -0.585175 -0.0545113 0.287591 0 0
v -0.591905 -0.184015 0.267895 0 0
v -0.59026 -0.156031 0.268825 0 0
v -0.587911 0.190226 0.271825 0 0
v -0.582734 -0.0545287 0.287044 0 0
v -0.589006 -0.154722 0.268607 0 0
v -0.581331 -0.0638609 0.283427 0 0
v -0.584237 0.194304 0.27093 0 0
v -0.581634 -0.0932997 0.274716 0 0
v -0.582974 -0.117391 0.270741 0 0
v -0.572973 0.0424666 0.296533 0 0
v -0.582586 -0.144152 0.267953 0 0
v -0.569112 0.0214636 0.304144 0 0
v -0.60603 -0.211245 0.194133 0 0
v -0.579019 0.16117 0.27067 0 0
v -0.569394 0.0332635 0.299417 0 0
v -0.566098 0.0162485 0.305378 0 0
v -0.57901 -0.150902 0.266726 0 0
v -0.57671 0.177194 0.269638 0 0
v -0.575545 0.189193 0.269148 0 0
v -0.589823 0.22161 0.22211 0 0
v -0.560808 0.0110472 0.305651 0 0
v -0.567687 -0.0626368 0.280884 0 0
v -0.570622 0.193307 0.267973 0 0
v -0.568908 0.149363 0.269146 0 0
v -0.567413 0.110569 0.273694 0 0
v -0.557686 -0.0202677 0.29533 0 0
v -0.624248 -0.234916 0.091871 0 0
v -0.565653 0.192096 0.266914 0 0
v -0.564411 0.125351 0.270719 0 0
v -0.564382 0.188127 0.266736 0 0
v -0.563688 0.140092 0.268867 0 0
v -0.558549 -0.0467102 0.284649 0 0
v -0.553359 -0.0150263 0.296576 0 0
v -0.561273 -0.0868085 0.272212 0 0
v -0.562412 0.206994 0.264609 0 0
v -0.560146 -0.088165 0.271602 0 0
v -0.549864 0.0215249 0.299303 0 0
v -0.559019 -0.0895227 0.270985 0 0
v -0.557669 -0.0881926 0.27106 0 0
v -0.560485 -0.157949 0.26233 0 0
v -0.560955 -0.18743 0.260874 0 0
v -0.54567 -0.00195583 0.300176 0 0
v -0.554302 -0.0774831 0.273285 0 0
v -0.556358 -0.107017 0.266882 0 0
v -0.55347 0.105391 0.271748 0 0
v -0.551811 -0.0641026 0.27693 0 0
v -0.554378 0.179025 0.264756 0 0
v -0.544527 -0.0124202 0.295591 0 0
v -0.578725 -0.214317 0.179809 0 0
v -0.55081 0.199144 0.263415 0 0
v -0.550592 0.171103 0.264104 0 0
v -0.542027 -0.0216287 0.291108 0 0
v -0.54195 -0.0308747 0.287207 0 0
v -0.545937 0.104146 0.270415 0 0
v -0.544858 0.0893752 0.273833 0 0
v -0.538386 0.0268211 0.294338 0 0
v -0.541357 -0.0361782 0.284925 0 0
v -0.546281 0.140396 0.265109 0 0
v -0.538389 0.037379 0.290173 0 0
v -0.536718 0.0228807 0.295479 0 0
v -0.548129 -0.167577 0.259238 0 0
v -0.545374 -0.15153 0.259508 0 0
v -0.533681 0.0281574 0.292645 0 0
v -0.538066 -0.0762979 0.270129 0 0
v -0.540904 -0.185205 0.256703 0 0
v -0.546787 0.21614 0.233377 0 0
v -0.536291 0.108321 0.26729 0 0
v -0.539425 -0.171787 0.257163 0 0
v -0.536092 0.132525 0.263628 0 0
v -0.534757 -0.0817083 0.267951 0 0
v -0.573041 -0.22281 0.143953 0 0
v -0.536026 -0.128833 0.259516 0 0
v -0.534425 -0.118094 0.260384 0 0
v -0.53049 -0.0911884 0.264525 0 0
v -0.532026 -0.180019 0.255122 0 0
v -0.562422 0.239012 0.150779 0 0
v -0.522029 0.0441059 0.28359 0 0
v -0.523602 0.0869351 0.269692 0 0
v -0.588239 0.266838 0.0511509 0 0
v -0.518349 0.0441288 0.282696 0 0
v -0.525704 -0.177467 0.253893 0 0
v -0.520183 -0.0872522 0.263381 0 0
v -0.523168 -0.176176 0.253416 0 0
v -0.57806 0.260461 0.0652061 0 0
v -0.519117 0.115285 0.262489 0 0
v -0.586214 -0.249085 0.0379117 0 0
v -0.519283 0.169084 0.257462 0 0
v -0.51623 0.0883638 0.267704 0 0
v -0.514782 0.0708902 0.272564 0 0
v -0.514281 0.0964692 0.265316 0 0
v -0.516665 -0.114295 0.257273 0 0
v -0.511481 -0.0577158 0.270285 0 0
v -0.513429 -0.0805771 0.263696 0 0
v -0.515054 -0.142661 0.253671 0 0
v -0.513173 0.190684 0.255511 0 0
v -0.512754 0.151754 0.256936 0 0
v -0.503937 -0.032363 0.277928 0 0
v -0.505736 -0.049712 0.27178 0 0
v -0.503359 0.0831174 0.26627 0 0
v -0.508244 -0.187319 0.249445 0 0
v -0.496153 -0.0177904 0.282011 0 0
v -0.499647 -0.0510928 0.269913 0 0
v -0.50338 -0.0996064 0.256988 0 0
v -0.505479 -0.173863 0.249721 0 0
v -0.50287 -0.115841 0.254117 0 0
v -0.494148 0.0362859 0.279816 0 0
v -0.491498 -0.0204516 0.279855 0 0
v -0.492191 0.0684153 0.26813 0 0
v -0.489351 0.0376423 0.278126 0 0
v -0.550817 0.26311 0.0566008 0 0
v -0.512 0.225169 0.193555 0 0
v -0.495507 0.188413 0.251746 0 0
v -0.494434 -0.0970135 0.255529 0 0
v -0.496571 -0.170003 0.247989 0 0
v -0.489736 0.104896 0.257961 0 0
v -0.501016 0.220612 0.20806 0 0
v -0.490182 -0.166084 0.246807 0 0
v -0.486712 0.122515 0.254431 0 0
v -0.481315 -0.0297926 0.273785 0 0
v -0.544039 -0.244705 0.0488316 0 0
v -0.486558 0.175161 0.250167 0 0
v -0.485804 0.132005 0.25288 0 0
v -0.483245 0.0819849 0.262085 0 0
v -0.481641 -0.045839 0.267852 0 0
v -0.481248 0.155047 0.249954 0 0
v -0.480042 0.113148 0.25434 0 0
v -0.479396 -0.079565 0.25669 0 0
v -0.479432 0.130754 0.251681 0 0
v -0.472097 -0.0125453 0.278431 0 0
v -0.474168 -0.0606882 0.26115 0 0
v -0.47783 -0.12433 0.247721 0 0
v -0.474454 0.102386 0.255192 0 0
v -0.47517 0.178105 0.247615 0 0
v -0.472145 0.0848125 0.258771 0 0
v -0.471649 -0.0607073 0.260602 0 0
v -0.474131 -0.128453 0.246487 0 0
v -0.472799 0.197056 0.246439 0 0
v -0.472587 0.172767 0.247226 0 0
v -0.473629 -0.163715 0.243363 0 0
v -0.470852 -0.108142 0.248678 0 0
v -0.47007 0.17552 0.246584 0 0
v -0.465471 -0.0472796 0.263741 0 0
v -0.476171 -0.200959 0.223828 0 0
v -0.462909 0.0471543 0.268341 0 0
v -0.462998 -0.0338779 0.26801 0 0
v -0.469882 -0.169212 0.242256 0 0
v -0.461307 0.0431439 0.269366 0 0
v -0.467693 -0.12584 0.245411 0 0
v -0.468644 -0.171949 0.241841 0 0
v -0.468766 -0.180087 0.241386 0 0
v -0.457201 0.0098961 0.279822 0 0
v -0.465116 0.191835 0.244977 0 0
v -0.465056 0.18508 0.245203 0 0
v -0.461942 -0.0838066 0.251894 0 0
v -0.464443 -0.148972 0.24243 0 0
v -0.462669 0.200018 0.244046 0 0
v -0.461423 0.201409 0.243663 0 0
v -0.460905 0.154084 0.245634 0 0
v -0.458184 0.0836103 0.255989 0 0
v -0.460156 -0.0960617 0.248485 0 0
v -0.462065 -0.158519 0.24122 0 0
v -0.460204 0.204161 0.243172 0 0
v -0.451583 -0.0192304 0.271022 0 0
v -0.457521 0.19608 0.243125 0 0
v -0.45669 -0.104252 0.246318 0 0
v -0.458325 -0.164025 0.24004 0 0
v -0.447976 -0.00727879 0.274698 0 0
v -0.456473 -0.135526 0.241973 0 0
v -0.453752 0.200244 0.242067 0 0
v -0.493963 0.252503 0.0805733 0 0
v -0.452493 -0.130151 0.241718 0 0
v -0.445498 0.0486119 0.263723 0 0
v -0.447637 -0.078521 0.250157 0 0
v -0.447157 0.116328 0.246775 0 0
v -0.487133 -0.233677 0.0900351 0 0
v -0.44675 -0.111182 0.243086 0 0
v -0.493934 -0.240634 0.0575289 0 0
v -0.447159 -0.187387 0.236156 0 0
v -0.444235 0.150325 0.242374 0 0
v -0.438115 0.0352353 0.266586 0 0
v -0.447609 0.213244 0.223634 0 0
v -0.443383 0.186936 0.240403 0 0
v -0.435275 0.0312334 0.267305 0 0
v -0.442218 -0.128952 0.239668 0 0
v -0.44077 0.180223 0.240056 0 0
v -0.440426 0.151755 0.24143 0 0
v -0.44083 -0.124891 0.239818 0 0
v -0.438137 0.172149 0.23979 0 0
v -0.438372 -0.129012 0.238844 0 0
v -0.435944 0.124652 0.243186 0 0
v -0.431772 0.0500508 0.259999 0 0
v -0.431219 -0.0299921 0.262227 0 0
v -0.437812 -0.16308 0.235657 0 0
v -0.40936 -0.013328 0.345201 0 0
v -0.431297 -0.0461388 0.256523 0 0
v -0.43631 -0.150848 0.23626 0 0
v -0.43079 0.0716866 0.253157 0 0
v -0.431991 0.199433 0.23732 0 0
v -0.42947 0.0920774 0.247605 0 0
v -0.427925 -0.0515653 0.253911 0 0
v -0.427481 -0.110078 0.239188 0 0
v -0.428872 -0.167348 0.233458 0 0
v -0.425401 0.115283 0.242204 0 0
v -0.43022 -0.201772 0.21664 0 0
v -0.423494 0.138463 0.238922 0 0
v -0.416874 0.020611 0.26645 0 0
v -0.42751 0.214097 0.21653 0 0
v -0.422156 0.135765 0.238865 0 0
v -0.417784 0.0487971 0.257106 0 0
v -0.415828 0.0232863 0.265264 0 0
v -0.422493 -0.114242 0.237459 0 0
v -0.471955 -0.246927 0.0311164 0 0
v -0.416924 -0.0408225 0.255108 0 0
v -0.414281 -0.0394872 0.254966 0 0
v -0.45462 -0.234287 0.0850505 0 0
v -0.415166 0.0868012 0.245572 0 0
v -0.418974 -0.192171 0.229478 0 0
v -0.414845 0.157682 0.235489 0 0
v -0.414788 0.1536 0.235729 0 0
v -0.414279 -0.100697 0.237897 0 0
v -0.435627 -0.21959 0.147092 0 0
v -0.414089 0.203995 0.232937 0 0
v -0.424728 -0.209236 0.187538 0 0
v -0.441233 0.245777 0.098433 0 0
v -0.409216 0.131896 0.236416 0 0
v -0.403899 -0.0206957 0.259329 0 0
v -0.406068 0.0841766 0.244177 0 0
v -0.407515 -0.130866 0.232056 0 0
v -0.407747 -0.140439 0.231048 0 0
v -0.403967 0.0937419 0.241596 0 0
v -0.402907 -0.058519 0.246212 0 0
v -0.405983 -0.12132 0.232821 0 0
v -0.403612 0.193327 0.231332 0 0
v -0.399758 0.0638269 0.248219 0 0
v -0.399669 0.0624692 0.248612 0 0
v -0.403934 -0.143244 0.229919 0 0
v -0.404038 -0.148713 0.229464 0 0
v -0.39943 0.0801554 0.243754 0 0
v -0.402861 -0.155574 0.228668 0 0
v -0.402932 -0.159678 0.228357 0 0
v -0.400247 0.13477 0.234204 0 0
v -0.401215 -0.137812 0.229936 0 0
v -0.42799 0.243424 0.105398 0 0
v -0.409098 0.222321 0.18286 0 0
v -0.393857 0.0516644 0.250557 0 0
v -0.400465 0.212897 0.215121 0 0
v -0.397097 0.188027 0.230137 0 0
v -0.392041 0.0435601 0.25267 0 0
v -0.39016 0.0166735 0.261053 0 0
v -0.396547 -0.165285 0.226522 0 0
v -0.392526 0.0966115 0.238462 0 0
v -0.392344 0.0925149 0.23928 0 0
v -0.387545 0.0153417 0.260815 0 0
v -0.393542 -0.0982161 0.233905 0 0
v -0.414249 0.235385 0.134555 0 0
v -0.394085 -0.174922 0.225358 0 0
v -0.389321 0.0829922 0.240733 0 0
v -0.392082 -0.135224 0.228258 0 0
v -0.392379 -0.148927 0.226915 0 0
v -0.391681 -0.187326 0.223913 0 0
v -0.390639 -0.197024 0.222454 0 0
v -0.385197 -0.0627379 0.241079 0 0
v -0.386461 0.160969 0.229103 0 0
v -0.385826 0.1268 0.232016 0 0
v -0.387632 -0.177807 0.223737 0 0
v -0.367077 0.00974538 0.306021 0 0
v -0.379659 -0.036958 0.247958 0 0
v -0.382975 0.19931 0.226376 0 0
v -0.365915 0.0136973 0.299342 0 0
v -0.379598 0.137851 0.229435 0 0
v -0.375118 0.0382499 0.250332 0 0
v -0.363321 0.0032497 0.305355 0 0
v -0.378459 -0.0805664 0.234749 0 0
v -0.391919 -0.212436 0.171968 0 0
v -0.374155 -0.0315714 0.248558 0 0
v -0.380005 -0.188979 0.221172 0 0
v -0.376253 0.17622 0.225997 0 0
v -0.376402 -0.131366 0.225296 0 0
v -0.374894 0.170778 0.225988 0 0
v -0.371657 0.0654279 0.241305 0 0
v -0.370775 -0.0383561 0.245479 0 0
v -0.370365 0.0914064 0.234603 0 0
v -0.370578 -0.109474 0.227106 0 0
v -0.364442 -0.039745 0.243572 0 0
v -0.367493 -0.0957793 0.228865 0 0
v -0.367163 0.177791 0.223891 0 0
v -0.365248 -0.075218 0.233157 0 0
v -0.364507 0.106569 0.23017 0 0
v -0.366449 -0.154905 0.220742 0 0
v -0.366972 -0.189294 0.218206 0 0
v -0.364698 0.192915 0.222623 0 0
v -0.362717 0.0942385 0.232281 0 0
v -0.36456 -0.126063 0.223297 0 0
v -0.364955 -0.143935 0.221375 0 0
v -0.381932 0.234319 0.131648 0 0
v -0.361134 -0.0711427 0.233391 0 0
v -0.403908 0.265468 0.0167065 0 0
v -0.356306 -0.0140912 0.250444 0 0
v -0.359614 -0.0670467 0.234199 0 0
v -0.358937 0.0970284 0.23086 0 0
v -0.356581 0.0492068 0.242473 0 0
v -0.354937 0.0221416 0.250579 0 0
v -0.358961 -0.0793921 0.230743 0 0
v -0.365149 0.216872 0.193413 0 0
v -0.358017 0.106658 0.228701 0 0
v -0.346648 -0.00328889 0.284949 0 0
v -0.354721 -0.0725719 0.231584 0 0
v -0.35621 -0.108293 0.224158 0 0
v -0.356419 -0.115172 0.223116 0 0
v -0.35667 -0.123437 0.221865 0 0
v -0.355394 0.173945 0.221427 0 0
v -0.353204 -0.0684713 0.232389 0 0
v -0.34808 0.0140841 0.251315 0 0
v -0.355325 -0.195121 0.214921 0 0
v -0.341043 0.00989484 0.280041 0 0
v -0.385446 -0.23932 0.0561043 0 0
v -0.351446 0.171287 0.220695 0 0
v -0.350164 0.105389 0.227186 0 0
v -0.350159 -0.0863499 0.227209 0 0
v -0.351323 -0.119382 0.221316 0 0
v -0.35212 -0.157941 0.217284 0 0
v -0.344286 0.0875992 0.229442 0 0
v -0.341429 -0.0222232 0.244131 0 0
v -0.346304 -0.127729 0.219063 0 0
v -0.344849 0.165937 0.219518 0 0
v -0.343356 -0.0795497 0.227231 0 0
v -0.346059 -0.191189 0.213273 0 0
v -0.344032 -0.144316 0.216674 0 0
v -0.341967 -0.112624 0.220302 0 0
v -0.342577 -0.137441 0.21713 0 0
v -0.337273 -0.0385262 0.237697 0 0
v -0.334818 -0.0195367 0.243484 0 0
v -0.337683 -0.100282 0.221298 0 0
v -0.346571 0.222846 0.167076 0 0
v -0.337528 -0.147198 0.214903 0 0
v -0.336479 0.209015 0.213198 0 0
v -0.336189 -0.145842 0.214742 0 0
v -0.333699 -0.0989498 0.220713 0 0
v -0.334762 -0.14034 0.215049 0 0
v -0.351591 0.236079 0.117614 0 0
v -0.332601 -0.105859 0.219287 0 0
v -0.327714 0.0658142 0.23092 0 0
v -0.327176 0.0548679 0.233827 0 0
v -0.321084 -0.000664812 0.266713 0 0
v -0.328821 -0.0755676 0.224945 0 0
v -0.328181 0.112578 0.221033 0 0
v -0.328768 -0.177768 0.210411 0 0
v -0.326815 0.198008 0.213581 0 0
v -0.323162 -0.0977 0.218614 0 0
v -0.321165 0.0975085 0.222105 0 0
v -0.320392 -0.0632622 0.22638 0 0
v -0.31864 -0.0825598 0.220973 0 0
v -0.357673 -0.250448 0.00304377 0 0
v -0.317889 0.121003 0.217528 0 0
v -0.31865 -0.124034 0.213262 0 0
v -0.314239 -0.071573 0.222707 0 0
v -0.314365 -0.0743294 0.221993 0 0
v -0.309609 0.0155141 0.241268 0 0
v -0.311881 -0.049602 0.22836 0 0
v -0.310845 0.0673384 0.226517 0 0
v -0.311743 -0.0743546 0.221391 0 0
v -0.336327 0.246147 0.0726985 0 0
v -0.309244 -0.0771403 0.220073 0 0
v -0.306313 0.0536557 0.229124 0 0
v -0.3053 0.0935707 0.219186 0 0
v -0.303696 -0.0428028 0.228544 0 0
v -0.30681 -0.125607 0.210378 0 0
v -0.302039 -0.0359732 0.230288 0 0
v -0.304044 -0.0785732 0.218542 0 0
v -0.306344 -0.179676 0.205067 0 0
v -0.303822 0.143338 0.211804 0 0
v -0.302839 0.170991 0.209506 0 0
v -0.298286 0.0223207 0.236425 0 0
v -0.301503 0.169639 0.209282 0 0
v -0.296728 0.016898 0.237642 0 0
v -0.297766 0.0674572 0.223388 0 0
v -0.295558 0.0196137 0.236557 0 0
v -0.295395 -0.00878755 0.23753 0 0
v -0.296816 -0.0359983 0.229055 0 0
v -0.30114 -0.186748 0.203255 0 0
v -0.292889 0.000673299 0.244451 0 0
v -0.295009 -0.0264491 0.231741 0 0
v -0.294605 -0.0442248 0.226008 0 0
v -0.296549 0.202975 0.206012 0 0
v -0.296502 0.200191 0.206297 0 0
v -0.296488 -0.139645 0.206386 0 0
v -0.295286 0.205805 0.205328 0 0
v -0.292638 -0.0579819 0.221423 0 0
v -0.293658 -0.0828266 0.215224 0 0
v -0.295814 -0.185487 0.202121 0 0
v -0.295969 -0.195243 0.201178 0 0
v -0.29226 -0.125844 0.207002 0 0
v -0.289684 0.0993006 0.214403 0 0
v -0.289556 0.0951497 0.21519 0 0
v -0.286354 -0.0101544 0.234927 0 0
v -0.291587 -0.166129 0.202674 0 0
v -0.322965 0.263128 -0.000195265 0 0
v -0.284799 -0.00473541 0.236176 0 0
v -0.2905 -0.185617 0.200864 0 0
v -0.28921 -0.188435 0.200305 0 0
v -0.282005 0.00202879 0.236722 0 0
v -0.28788 -0.188468 0.199989 0 0
v -0.287965 -0.194048 0.199458 0 0
v -0.305321 0.242049 0.0817401 0 0
v -0.282116 0.0703583 0.218944 0 0
v -0.279503 0.00879792 0.23544 0 0
v -0.283807 -0.105139 0.208271 0 0
v -0.281219 0.135453 0.207247 0 0
v -0.280819 -0.0940641 0.209795 0 0
v -0.282222 -0.162157 0.200851 0 0
v -0.282863 -0.201254 0.196768 0 0
v -0.303745 0.248518 0.0541295 0 0
v -0.29189 0.23135 0.120843 0 0
v -0.276404 0.179904 0.202785 0 0
v -0.272509 -0.0210668 0.228115 0 0
v -0.276801 -0.155312 0.200208 0 0
v -0.273429 0.0856608 0.213218 0 0
v -0.27324 0.0801229 0.214456 0 0
v -0.274517 -0.105266 0.206113 0 0
v -0.273849 0.192453 0.201462 0 0
v -0.271919 0.0801372 0.214138 0 0
v -0.26779 -0.00338976 0.232345 0 0
v -0.270725 -0.0705942 0.212974 0 0
v -0.273065 0.211921 0.188354 0 0
v -0.270877 0.157839 0.202869 0 0
v -0.270246 0.116213 0.207059 0 0
v -0.268565 0.10097 0.209095 0 0
v -0.266393 -0.030659 0.223583 0 0
v -0.267589 0.116253 0.206431 0 0
v -0.2672 0.0995991 0.209036 0 0
v -0.265642 0.167665 0.200981 0 0
v -0.262503 0.0402277 0.222244 0 0
v -0.261126 0.00339121 0.231565 0 0
v -0.264333 -0.1263 0.2005 0 0
v -0.26001 0.0802668 0.211249 0 0
v -0.262356 -0.175135 0.19511 0 0
v -0.274679 -0.223947 0.11033 0 0
v -0.260677 0.205361 0.197143 0 0
v -0.258999 -0.0762571 0.208749 0 0
v -0.255086 0.0197266 0.226405 0 0
v -0.255126 0.0540346 0.216617 0 0
v -0.253828 0.0210956 0.225691 0 0
v -0.2537 0.0512871 0.217019 0 0
v -0.255109 -0.0790769 0.207121 0 0
v -0.252481 -0.137654 0.196421 0 0
v -0.24899 0.0679063 0.21156 0 0
v -0.251589 -0.171191 0.19289 0 0
v -0.248691 -0.0874896 0.203812 0 0
v -0.249455 -0.118163 0.19829 0 0
v -0.248209 0.161094 0.197304 0 0
v -0.244126 -0.119642 0.196823 0 0
v -0.24257 0.136143 0.198102 0 0
v -0.240509 0.0527613 0.213414 0 0
v -0.241444 -0.0694754 0.206469 0 0
v -0.240302 0.0888223 0.20472 0 0
v -0.238553 -0.0280248 0.217792 0 0
v -0.241245 -0.109908 0.197679 0 0
v -0.24217 -0.170005 0.19077 0 0
v -0.240073 -0.118307 0.196092 0 0
v -0.235435 0.0225199 0.22069 0 0
v -0.25251 -0.227625 0.0916433 0 0
v -0.238018 -0.160298 0.19068 0 0
v -0.234934 0.178106 0.193055 0 0
v -0.233281 0.076384 0.205767 0 0
v -0.235175 -0.147765 0.191195 0 0
v -0.239843 -0.211543 0.155295 0 0
v -0.231783 0.0708418 0.206705 0 0
v -0.232282 -0.0751297 0.20285 0 0
v -0.231792 0.132156 0.195931 0 0
v -0.239717 -0.216819 0.134247 0 0
v -0.259816 -0.253611 -0.0221827 0 0
v -0.228508 0.0514657 0.210811 0 0
v -0.229394 0.158705 0.193016 0 0
v -0.227999 -0.0668156 0.204005 0 0
v -0.230158 -0.181484 0.187003 0 0
v -0.225756 0.0487194 0.210867 0 0
v -0.228537 -0.156294 0.188827 0 0
v -0.226528 0.142013 0.193768 0 0
v -0.225696 0.0931774 0.200399 0 0
v -0.225461 0.17135 0.191211 0 0
v -0.223236 -0.0446473 0.209059 0 0
v -0.224212 -0.13536 0.190098 0 0
v -0.224964 -0.198497 0.184026 0 0
v -0.249615 0.266722 -0.0275187 0 0
v -0.220428 0.0487552 0.209551 0 0
v -0.223279 -0.169024 0.1864 0 0
v -0.223361 -0.177436 0.18573 0 0
v -0.231351 -0.219819 0.120832 0 0
v -0.221314 0.158874 0.191088 0 0
v -0.22618 -0.212 0.151312 0 0
v -0.219456 0.116997 0.194959 0 0
v -0.215473 0.0198372 0.216464 0 0
v -0.216606 -0.0460718 0.207086 0 0
v -0.216891 -0.054395 0.204726 0 0
v -0.214387 -0.0212332 0.214118 0 0
v -0.21363 0.0446493 0.208978 0 0
v -0.213028 0.0696306 0.202461 0 0
v -0.212761 0.0599035 0.204718 0 0
v -0.212681 0.114307 0.193704 0 0
v -0.213859 -0.174849 0.183699 0 0
v -0.211657 0.138097 0.190611 0 0
v -0.210838 0.0891739 0.197615 0 0
v -0.21269 -0.193164 0.181781 0 0
v -0.207211 -0.00615482 0.216922 0 0
v -0.210566 -0.125783 0.188058 0 0
v -0.205968 -0.00889569 0.215841 0 0
v -0.206542 0.17038 0.186776 0 0
v -0.205686 -0.0851831 0.194292 0 0
v -0.215895 -0.223164 0.104668 0 0
v -0.204546 0.111634 0.192124 0 0
v -0.201719 0.0488806 0.204946 0 0
v -0.222653 0.254788 0.00503778 0 0
v -0.201124 0.0767174 0.197934 0 0
v -0.224653 0.265075 -0.0268159 0 0
v -0.199144 -0.0447902 0.203325 0 0
v -0.19984 0.181736 0.18448 0 0
v -0.198948 -0.178006 0.179907 0 0
v -0.200748 -0.207792 0.163437 0 0
v -0.197371 -0.155525 0.181574 0 0
v -0.195351 0.131392 0.187374 0 0
v -0.19518 0.118775 0.188954 0 0
v -0.192675 -0.0531755 0.199389 0 0
v -0.193239 0.204401 0.181077 0 0
v -0.191604 -0.0629459 0.196464 0 0
v -0.192939 -0.126072 0.183903 0 0
v -0.191067 -0.0965756 0.188444 0 0
v -0.189264 0.0894325 0.192387 0 0
v -0.188445 0.0545318 0.200208 0 0
v -0.18851 -0.0490266 0.199586 0 0
v -0.193511 -0.210523 0.15183 0 0
v -0.186194 -0.0171766 0.20859 0 0
v -0.187325 -0.0546076 0.197708 0 0
v -0.187236 0.134336 0.185172 0 0
v -0.185855 -0.0504366 0.198552 0 0
v -0.182055 0.165314 0.181299 0 0
v -0.180822 0.0741301 0.193615 0 0
v -0.180291 0.121818 0.185013 0 0
v -0.178584 0.0379233 0.202193 0 0
v -0.176576 0.0130543 0.208573 0 0
v -0.176279 0.0532293 0.197565 0 0
v -0.176099 -0.0393634 0.199402 0 0
v -0.176137 -0.0407533 0.199016 0 0
v -0.176326 -0.0477119 0.197079 0 0
v -0.177646 -0.105194 0.183588 0 0
v -0.175717 0.0895948 0.189108 0 0
v -0.174534 0.0994355 0.18697 0 0
v -0.17074 0.0476966 0.197655 0 0
v -0.172866 -0.161669 0.17521 0 0
v -0.16835 0.00481 0.208376 0 0
v -0.166621 0.0449392 0.197348 0 0
v -0.167894 -0.0940488 0.183569 0 0
v -0.164872 -0.0241445 0.20134 0 0
v -0.186395 0.268189 -0.050621 0 0
v -0.162975 0.00481361 0.207031 0 0
v -0.165409 -0.108179 0.180253 0 0
v -0.165448 -0.110997 0.179822 0 0
v -0.180597 -0.243082 0.0131654 0 0
v -0.183645 -0.250284 -0.0203691 0 0
v -0.17354 0.239084 0.0580231 0 0
v -0.161493 0.0575275 0.192838 0 0
v -0.160006 -0.0450234 0.193974 0 0
v -0.160283 0.181281 0.175043 0 0
v -0.157752 0.0130886 0.203863 0 0
v -0.158367 -0.0338865 0.196857 0 0
v -0.158683 -0.046427 0.193264 0 0
v -0.160202 -0.128022 0.175967 0 0
v -0.158959 0.18977 0.174179 0 0
v -0.157901 -0.0716466 0.186332 0 0
v -0.158389 -0.0969872 0.180723 0 0
v -0.159034 -0.147824 0.17332 0 0
v -0.157497 0.172897 0.174888 0 0
v -0.156388 -0.0646404 0.18774 0 0
v -0.156448 -0.0674464 0.187047 0 0
v -0.157589 -0.140779 0.173826 0 0
v -0.1568 0.208832 0.166675 0 0
v -0.154375 0.042228 0.195028 0 0
v -0.153196 0.0506033 0.192594 0 0
v -0.153839 -0.0730911 0.185009 0 0
v -0.153452 0.187086 0.173041 0 0
v -0.153824 -0.184729 0.168619 0 0
v -0.151749 0.134966 0.176664 0 0
v -0.150389 0.136399 0.176202 0 0
v -0.148295 0.0786729 0.184708 0 0
v -0.147546 0.125169 0.176756 0 0
v -0.146698 -0.0577059 0.187237 0 0
v -0.164002 -0.251055 -0.0265887 0 0
v -0.146271 0.136473 0.175212 0 0
v -0.145762 0.0913627 0.181569 0 0
v -0.145671 -0.0745778 0.182706 0 0
v -0.146301 -0.1141 0.174848 0 0
v -0.146499 -0.131078 0.172378 0 0
v -0.14218 0.14078 0.173822 0 0
v -0.154298 0.256647 -0.0216541 0 0
v -0.138442 -0.155308 0.16768 0 0
v -0.13702 -0.149668 0.167903 0 0
v -0.13419 0.190395 0.16817 0 0
v -0.132466 0.129663 0.172563 0 0
v -0.13082 -0.088846 0.175964 0 0
v -0.128362 -0.0298355 0.190898 0 0
v -0.126686 0.0173069 0.194994 0 0
v -0.12717 0.166515 0.168085 0 0
v -0.124865 0.0690592 0.181195 0 0
v -0.125394 -0.0945709 0.173485 0 0
v -0.123359 -0.176933 0.162049 0 0
v -0.121464 0.135506 0.169372 0 0
v -0.12039 0.0466251 0.185551 0 0
v -0.121121 -0.0847144 0.174544 0 0
v -0.122021 -0.1855 0.160975 0 0
v -0.125435 -0.218243 0.109514 0 0
v -0.11843 -0.0103886 0.194226 0 0
v -0.118772 -0.0284775 0.189003 0 0
v -0.117918 0.0634943 0.180749 0 0
v -0.13295 -0.263511 -0.0757256 0 0
v -0.118825 0.218206 0.122311 0 0
v -0.11628 0.203667 0.162524 0 0
v -0.11477 -0.0340834 0.186385 0 0
v -0.114972 -0.0452921 0.183193 0 0
v -0.115603 -0.0847754 0.173231 0 0
v -0.114378 0.112974 0.17041 0 0
v -0.112032 0.038272 0.185665 0 0
v -0.112877 -0.0876376 0.171985 0 0
v -0.111794 0.138511 0.166762 0 0
v -0.111646 0.117263 0.169188 0 0
v -0.110098 0.0988777 0.171568 0 0
v -0.109088 0.0257087 0.188333 0 0
v -0.107697 0.0243186 0.188364 0 0
v -0.105317 0.0481251 0.181462 0 0
v -0.104929 0.151407 0.163856 0 0
v -0.103342 0.00762924 0.191616 0 0
v -0.104828 -0.110456 0.165624 0 0
v -0.105296 -0.180204 0.157431 0 0
v -0.10723 -0.213741 0.12358 0 0
v -0.101306 0.0565919 0.178334 0 0
v -0.100642 0.0104112 0.190286 0 0
v -0.101905 -0.0962829 0.167567 0 0
v -0.10061 0.124531 0.165558 0 0
v -0.0995326 0.0285373 0.185199 0 0
v -0.100637 -0.107675 0.165061 0 0
v -0.0950917 -0.00347051 0.190237 0 0
v -0.0965133 -0.113421 0.163183 0 0
v -0.0953477 0.194227 0.158483 0 0
v -0.0955727 -0.190437 0.154137 0 0
v -0.0924352 0.011815 0.187886 0 0
v -0.0913166 -0.177678 0.154306 0 0
v -0.0913229 -0.179106 0.15418 0 0
v -0.0890733 -0.0666296 0.171296 0 0
v -0.0895179 -0.109254 0.162169 0 0
v -0.0900227 -0.199184 0.151804 0 0
v -0.0907678 -0.217117 0.106692 0 0
v -0.0867307 0.130449 0.161485 0 0
v -0.0845976 -0.0412501 0.17706 0 0
v -0.0830329 0.0300035 0.180706 0 0
v -0.0826344 -0.122186 0.158488 0 0
v -0.0827823 -0.147876 0.155193 0 0
v -0.080792 -0.0709564 0.168235 0 0
v -0.0796929 0.119187 0.161175 0 0
v -0.0775097 0.0300263 0.179325 0 0
v -0.0782663 -0.0980091 0.161554 0 0
v -0.0760497 0.0230242 0.180841 0 0
v -0.0771001 -0.132273 0.155715 0 0
v -0.077276 -0.170858 0.151505 0 0
v -0.0789348 -0.215079 0.111828 0 0
v -0.0747296 0.0286347 0.179005 0 0
v -0.0744983 -0.00626625 0.184641 0 0
v -0.0734203 -0.0328643 0.176833 0 0
v -0.0725625 -0.0838344 0.163146 0 0
v -0.0731828 -0.201075 0.147444 0 0
v -0.0713913 0.137835 0.157007 0 0
v -0.0709228 0.0639007 0.169103 0 0
v -0.0708047 0.0511756 0.172153 0 0
v -0.0694448 -0.0498038 0.171043 0 0
v -0.0658528 0.159321 0.153749 0 0
v -0.0691918 0.241031 0.0175016 0 0
v -0.0630889 0.177925 0.151744 0 0
v -0.0630999 -0.139671 0.151421 0 0
v -0.0611838 0.0654034 0.166348 0 0
v -0.0611069 0.0554879 0.168653 0 0
v -0.0618487 -0.185546 0.146424 0 0
v -0.0659438 -0.23573 0.0236944 0 0
v -0.0585776 0.0938653 0.15985 0 0
v -0.0586004 -0.0868416 0.159135 0 0
v -0.0590234 -0.184182 0.145847 0 0
v -0.0574555 0.175204 0.150534 0 0
v -0.056987 0.0640225 0.165614 0 0
v -0.0567767 -0.0343465 0.172383 0 0
v -0.0545901 0.152427 0.151487 0 0
v -0.0543978 0.0981986 0.157998 0 0
v -0.0525301 0.0273156 0.173808 0 0
v -0.0524586 -0.0174862 0.176295 0 0
v -0.0511496 0.0287278 0.173081 0 0
v -0.0502421 0.111099 0.154946 0 0
v -0.0484087 -0.0329741 0.170745 0 0
v -0.0476006 0.182588 0.147588 0 0
v -0.0474154 0.106862 0.154798 0 0
v -0.0460713 -0.107027 0.151938 0 0
v -0.0430633 -0.0698897 0.159324 0 0
v -0.0418474 -0.10852 0.15066 0 0
v -0.0452306 0.259481 -0.068984 0 0
v -0.0390707 0.14989 0.147797 0 0
v -0.0391243 -0.141559 0.145256 0 0
v -0.040275 -0.217485 0.0907097 0 0
v -0.0416254 0.253679 -0.047775 0 0
v -0.0398373 0.232259 0.0401906 0 0
v -0.0377766 -0.173202 0.141568 0 0
v -0.0357023 0.00770044 0.174738 0 0
v -0.0347585 0.115625 0.150455 0 0
v -0.0343947 -0.0245677 0.169812 0 0
v -0.033101 -0.0443695 0.163702 0 0
v -0.0331648 -0.0571565 0.160162 0 0
v -0.0277591 0.160149 0.144161 0 0
v -0.0277398 0.144389 0.145456 0 0
v -0.0263164 0.140117 0.145509 0 0
v -0.0261247 0.0586043 0.159013 0 0
v -0.0246296 0.033074 0.1652 0 0
v -0.0248763 -0.105902 0.146818 0 0
v -0.0268948 -0.23898 -0.00355124 0 0
v -0.0233546 -0.0686485 0.154735 0 0
v -0.0218143 0.0302586 0.165238 0 0
v -0.0217296 0.000700945 0.172368 0 0
v -0.020496 0.0600744 0.157233 0 0
v -0.0176122 -0.0331111 0.163147 0 0
v -0.0149394 0.117381 0.14513 0 0
v -0.0135604 0.180568 0.139114 0 0
v -0.0135105 -0.0959959 0.145964 0 0
v -0.0137434 -0.209044 0.114011 0 0
v -0.0107196 0.199384 0.13669 0 0
v -0.0106589 0.0959298 0.147238 0 0
v -0.00927341 0.151942 0.140062 0 0
v -0.00926819 0.14045 0.141108 0 0
v -0.00785184 -0.129199 0.138852 0 0
v -0.00637677 0.0644765 0.152607 0 0
v -0.00644211 -0.172506 0.133676 0 0
v -0.00500799 0.201035 0.134627 0 0
v -0.00499208 0.134786 0.140555 0 0
v -0.00354784 0.0730854 0.149911 0 0
v -0.00353609 0.0473834 0.156042 0 0
v -0.00214391 0.172225 0.136719 0 0
v -0.000715419 -0.149536 0.134484 0 0
v -0.000761074 -0.232149 0.0154327 0 0
v 0.000714161 0.144965 0.138052 0 0
v 0.000710395 -0.0717453 0.14787 0 0
v 0.000716706 -0.177015 0.131418 0 0
v 0.00214869 -0.161149 0.132565 0 0
v 0.00215104 -0.182836 0.130521 0 0
v 0.00357814 0.188209 0.134114 0 0
v 0.00353617 0.0403122 0.155998 0 0
v 0.00353174 0.0317856 0.158305 0 0
v 0.00356873 -0.109203 0.139019 0 0
v 0.00642546 0.124938 0.138532 0 0
v 0.00920885 0.046044 0.153032 0 0
v 0.010687 0.0919078 0.142357 0 0
v 0.0126773 0.221479 0.0556412 0 0
v 0.012179 0.18555 0.13207 0 0
v 0.0121354 0.112074 0.138751 0 0
v 0.0122153 -0.196164 0.126491 0 0
v 0.0135758 0.122182 0.137011 0 0
v 0.0134047 -0.0162267 0.160488 0 0
v 0.0148351 0.0218993 0.158091 0 0
v 0.0150596 -0.151312 0.130217 0 0
v 0.0164763 0.166911 0.132208 0 0
v 0.0162176 0.00775617 0.16153 0 0
v 0.0164785 -0.133977 0.131949 0 0
v 0.0218201 0.262649 -0.107133 0 0
v 0.0204985 0.0204984 0.157008 0 0
v 0.0207921 -0.135507 0.130609 0 0
v 0.0208662 -0.197869 0.12395 0 0
v 0.0221703 0.118003 0.135294 0 0
v 0.0222038 -0.119614 0.132478 0 0
v 0.0248076 0.0347306 0.151942 0 0
v 0.0250111 -0.0921837 0.136782 0 0
v 0.0263941 0.0820355 0.140041 0 0
v 0.026152 0.014843 0.157099 0 0
v 0.0265705 -0.147214 0.127612 0 0
v 0.0294167 0.159998 0.12928 0 0
v 0.0290215 -0.0233588 0.154411 0 0
v 0.0310331 0.201354 0.118273 0 0
v 0.0317132 -0.213142 0.0770347 0 0
v 0.0336558 0.112424 0.132932 0 0
v 0.0352317 -0.147398 0.125282 0 0
v 0.0353267 -0.19682 0.120225 0 0
v 0.0361613 0.0262346 0.151274 0 0
v 0.0362217 -0.0376421 0.148186 0 0
v 0.036382 -0.0663437 0.139987 0 0
v 0.0367037 -0.160489 0.123541 0 0
v 0.044452 0.259438 -0.107309 0 0
v 0.0397024 0.199956 0.117851 0 0
v 0.0394806 0.138541 0.128366 0 0
v 0.0392348 0.0663425 0.140019 0 0
v 0.0395588 -0.143131 0.124662 0 0
v 0.0404845 0.0333819 0.14812 0 0
v 0.041102 -0.186762 0.119874 0 0
v 0.0423829 0.144389 0.127004 0 0
v 0.0421854 0.0822256 0.135731 0 0
v 0.0420978 -0.0620763 0.139602 0 0
v 0.0437879 0.127057 0.128356 0 0
v 0.0436837 0.0952446 0.132811 0 0
v 0.0461522 -0.0276913 0.148693 0 0
v 0.0466855 -0.111327 0.127303 0 0
v 0.0468093 -0.146189 0.122336 0 0
v 0.0469312 -0.194223 0.117445 0 0
v 0.0482291 0.17636 0.12313 0 0
v 0.0479033 -0.0707825 0.135812 0 0
v 0.0535085 0.234972 -0.0219584 0 0
v 0.0551157 0.235212 -0.0240254 0 0
v 0.0568529 0.138894 0.123603 0 0
v 0.0595696 -0.0868424 0.128691 0 0
v 0.0597515 -0.115903 0.122977 0 0
v 0.0639024 0.217268 0.0398134 0 0
v 0.0604818 0.0263273 0.144739 0 0
v 0.0638851 0.204873 0.0853931 0 0
v 0.0626824 0.144818 0.121438 0 0
v 0.0625103 -0.0926877 0.126594 0 0
v 0.0642307 0.182588 0.118293 0 0
v 0.0693875 -0.23467 -0.0327797 0 0
v 0.0660077 -0.00780736 0.149408 0 0
v 0.0671843 -0.149539 0.116422 0 0
v 0.0696746 0.203156 0.0877267 0 0
v 0.0683169 -0.092767 0.124991 0 0
v 0.0688743 -0.00781049 0.148666 0 0
v 0.0712361 -0.0942618 0.123865 0 0
v 0.0716675 -0.177359 0.112502 0 0
v 0.0730325 -0.207294 0.0765525 0 0
v 0.0819683 -0.233414 -0.0354269 0 0
v 0.0764298 -0.0378577 0.137579 0 0
v 0.0780941 -0.0551674 0.131939 0 0
v 0.0782953 -0.0725488 0.127126 0 0
v 0.08162 0.139404 0.116708 0 0
v 0.0826859 0.0783719 0.125294 0 0
v 0.083679 -0.0393363 0.135212 0 0
v 0.0860797 0.158415 0.11395 0 0
v 0.0848748 -0.0221103 0.140351 0 0
v 0.0867811 -0.05379 0.13001 0 0
v 0.0884294 -0.0682991 0.125476 0 0
v 0.0913643 -0.0697823 0.124261 0 0
v 0.0927251 -0.0625355 0.12584 0 0
v 0.0935987 -0.1589 0.108183 0 0
v 0.0942949 0.0727006 0.123209 0 0
v 0.0942413 0.0683429 0.124274 0 0
v 0.0941878 0.0639902 0.125339 0 0
v 0.0936673 -0.0293157 0.1357 0 0
v 0.0952693 -0.194175 0.103814 0 0
v 0.0966146 -0.173616 0.105954 0 0
v 0.0986447 -0.19802 0.0948063 0 0
v 0.0978722 -0.0207175 0.137321 0 0
v 0.100773 0.160222 0.10971 0 0
v 0.100321 0.0887735 0.118181 0 0
v 0.100086 0.0684044 0.122587 0 0
v 0.102128 0.133998 0.111466 0 0
v 0.101092 0.0365651 0.130627 0 0
v 0.101223 -0.0466633 0.128192 0 0
v 0.101526 -0.0655238 0.122601 0 0
v 0.102705 0.046684 0.127362 0 0
v 0.101976 -0.00213939 0.140645 0 0
v 0.104078 -0.188505 0.102321 0 0
v 0.105893 0.193528 0.0958663 0 0
v 0.10536 0.189647 0.105455 0 0
v 0.104955 0.115089 0.112721 0 0
v 0.104874 0.104874 0.114189 0 0
v 0.104623 0.0800905 0.118703 0 0
v 0.106528 0.131167 0.110512 0 0
v 0.109735 -0.144618 0.105177 0 0
v 0.109715 0.0294006 0.130295 0 0
v 0.111361 -0.16959 0.102235 0 0
v 0.11105 -0.0265088 0.131958 0 0
v 0.111627 -0.056894 0.122248 0 0
v 0.114053 0.161999 0.105884 0 0
v 0.11371 -0.0963278 0.111577 0 0
v 0.114149 -0.141778 0.104283 0 0
v 0.118344 -0.210306 0.0346195 0 0
v 0.133639 -0.250061 -0.137697 0 0
v 0.118281 0.019355 0.130917 0 0
v 0.128271 0.215833 -0.00267959 0 0
v 0.120775 0.0788289 0.114362 0 0
v 0.122269 0.080307 0.113616 0 0
v 0.12217 0.0730131 0.115142 0 0
v 0.124144 -0.196133 0.0846878 0 0
v 0.128934 -0.214381 0.0107926 0 0
v 0.124392 0.1564 0.103309 0 0
v 0.125573 -0.0994421 0.107442 0 0
v 0.127261 0.0294784 0.125348 0 0
v 0.128798 -0.121521 0.102707 0 0
v 0.129373 0.0628797 0.115522 0 0
v 0.128994 0.0425175 0.12105 0 0
v 0.13348 -0.146609 0.0981989 0 0
v 0.132633 -0.0121879 0.130694 0 0
v 0.137645 -0.200143 0.0600615 0 0
v 0.134471 -0.0280447 0.125069 0 0
v 0.137571 -0.109911 0.102141 0 0
v 0.140724 0.15239 0.0988812 0 0
v 0.14068 -0.120271 0.0994699 0 0
v 0.145595 -0.170471 0.0923765 0 0
v 0.146364 -0.0997606 0.10138 0 0
v 0.146909 -0.0542766 0.113092 0 0
v 0.148773 -0.188348 0.0891428 0 0
v 0.148873 -0.189941 0.0878625 0 0
v 0.149556 0.133506 0.0978309 0 0
v 0.147333 0.00790564 0.1261 0 0
v 0.14755 -0.0223124 0.123346 0 0
v 0.149856 0.0513998 0.112433 0 0
v 0.151301 -0.136682 0.0942347 0 0
v 0.152296 0.0295929 0.118066 0 0
v 0.156812 0.110133 0.0983096 0 0
v 0.158141 0.0969251 0.0998657 0 0
v 0.161758 0.169078 0.0915805 0 0
v 0.161544 -0.0470867 0.111206 0 0
v 0.165804 -0.194058 0.0613914 0 0
v 0.164885 -0.144366 0.0892706 0 0
v 0.168378 -0.196815 0.0487992 0 0
v 0.164263 -0.0383521 0.113256 0 0
v 0.165626 -0.0912035 0.0976033 0 0
v 0.166192 -0.126658 0.0910932 0 0
v 0.166025 0.0442249 0.109676 0 0
v 0.165833 0.0369322 0.11186 0 0
v 0.169249 0.164853 0.0896491 0 0
v 0.169043 -0.114891 0.0919738 0 0
v 0.170234 0.104479 0.0950193 0 0
v 0.171561 -0.0340226 0.112577 0 0
v 0.175062 0.047216 0.106022 0 0
v 0.178833 -0.181777 0.0811481 0 0
v 0.179767 0.159222 0.0868778 0 0
v 0.179644 0.141516 0.0881808 0 0
v 0.17896 0.0854626 0.0954607 0 0
v 0.181029 0.126794 0.0890412 0 0
v 0.178136 -0.00504843 0.119585 0 0
v 0.178712 -0.0253236 0.113498 0 0
v 0.181512 -0.147708 0.0839427 0 0
v 0.185234 0.185234 0.0603664 0 0
v 0.182844 0.166689 0.0853869 0 0
v 0.182665 0.141584 0.087263 0 0
v 0.182429 -0.0472427 0.104951 0 0
v 0.185724 0.146083 0.085982 0 0
v 0.185688 0.141652 0.0863457 0 0
v 0.185423 -0.0472648 0.104063 0 0
v 0.186971 -0.0487434 0.103119 0 0
v 0.18907 -0.1464 0.0818244 0 0
v 0.20081 0.199271 -0.00605822 0 0
v 0.190894 0.0797218 0.0930022 0 0
v 0.190851 -0.0312037 0.107931 0 0
v 0.193447 -0.131662 0.0821874 0 0
v 0.193711 -0.153938 0.0795709 0 0
v 0.193158 -0.0122985 0.113741 0 0
v 0.194628 -0.0532129 0.0993897 0 0
v 0.197906 0.153764 0.0817434 0 0
v 0.198615 -0.180895 0.074875 0 0
v 0.218928 0.218927 -0.106349 0 0
v 0.199234 0.130127 0.0831237 0 0
v 0.198245 0.0709584 0.0926447 0 0
v 0.19635 0.010868 0.110875 0 0
v 0.19906 -0.10357 0.0848047 0 0
v 0.199291 -0.115457 0.0825744 0 0
v 0.224467 -0.229401 -0.143828 0 0
v 0.200175 -0.0400351 0.102084 0 0
v 0.203713 -0.108108 0.0824828 0 0
v 0.206197 0.0858543 0.0867314 0 0
v 0.211483 0.136322 0.0787075 0 0
v 0.21504 0.0741266 0.0863969 0 0
v 0.214451 -0.0578212 0.091645 0 0
v 0.216956 0.0904595 0.0824419 0 0
v 0.218354 -0.170982 0.070087 0 0
v 0.227235 0.18898 0.00511098 0 0
v 0.219247 -0.0269507 0.100814 0 0
v 0.221716 -0.0935482 0.0794269 0 0
v 0.222799 -0.157661 0.0700536 0 0
v 0.223554 0.120262 0.0762923 0 0
v 0.22255 0.0697763 0.0849328 0 0
v 0.240731 0.201266 -0.0579309 0 0
v 0.223087 0.0402288 0.0928992 0 0
v 0.222861 0.0343424 0.0948317 0 0
v 0.222457 0.0240691 0.0982828 0 0
v 0.224815 -0.0950857 0.0781273 0 0
v 0.23911 -0.203048 -0.0440814 0 0
v 0.228276 0.13076 0.0738045 0 0
v 0.228318 -0.114528 0.0734475 0 0
v 0.229888 0.138228 0.0726731 0 0
v 0.229458 0.0476509 0.0885743 0 0
v 0.239285 0.181552 0.0193681 0 0
v 0.231602 0.0654367 0.0829617 0 0
v 0.230249 -0.0358165 0.0941622 0 0
v 0.233212 0.0270496 0.0938396 0 0
v 0.237456 0.125015 0.0712472 0 0
v 0.237641 0.0625372 0.0816888 0 0
v 0.236926 0.0432775 0.0874641 0 0
v 0.258481 -0.207265 -0.0865326 0 0
v 0.239467 -0.0729454 0.0788455 0 0
v 0.239313 -0.0343967 0.0918245 0 0
v 0.242212 0.0611052 0.0804501 0 0
v 0.242002 -0.0595811 0.0821131 0 0
v 0.244051 0.0700448 0.0775656 0 0
v 0.246131 -0.16731 0.0611793 0 0
v 0.246986 0.149082 0.0661279 0 0
v 0.247417 -0.147856 0.0627581 0 0
v 0.252133 -0.182475 0.0258263 0 0
v 0.24719 0.0715744 0.0760865 0 0
v 0.247693 -0.0492446 0.0836154 0 0
v 0.269714 -0.204086 -0.0867608 0 0
v 0.248204 -0.0285544 0.0909916 0 0
v 0.249303 -0.0507431 0.0825354 0 0
v 0.252082 -0.147977 0.0611627 0 0
v 0.252147 0.0065777 0.0943936 0 0
v 0.257869 -0.121132 0.0623773 0 0
v 0.262538 0.169258 0.0385997 0 0
v 0.287882 -0.211993 -0.150739 0 0
v 0.27392 0.184954 -0.0347705 0 0
v 0.259497 0.0687554 0.0723695 0 0
v 0.261487 0.0822238 0.0685918 0 0
v 0.262816 -0.136248 0.0587701 0 0
v 0.261658 -0.0508576 0.0782115 0 0
v 0.265339 -0.106284 0.062096 0 0
v 0.265615 0.0658487 0.0708907 0 0
v 0.266522 -0.0928002 0.0642998 0 0
v 0.267469 -0.0763139 0.0681839 0 0
v 0.270876 -0.0494515 0.0755625 0 0
v 0.274055 0.0854101 0.0635287 0 0
v 0.275815 0.0929296 0.0615996 0 0
v 0.275589 0.0839396 0.0631862 0 0
v 0.273885 0.0406029 0.0751625 0 0
v 0.294459 -0.192867 -0.0694301 0 0
v 0.306771 0.197151 -0.132955 0 0
v 0.28051 -0.160826 0.0496318 0 0
v 0.28545 0.0228655 0.0768281 0 0
v 0.291987 0.112762 0.0529108 0 0
v 0.289488 -0.0466439 0.0695713 0 0
v 0.296851 -0.105431 0.0503948 0 0
v 0.299211 -0.141732 0.0447396 0 0
v 0.302201 -0.0783484 0.0544612 0 0
v 0.303441 -0.0708276 0.056079 0 0
v 0.302772 -0.00368336 0.0792403 0 0
v 0.304259 -0.0318325 0.069804 0 0
v 0.309194 0.0980736 0.0479971 0 0
v 0.310313 -0.135997 0.0409355 0 0
v 0.308892 -0.0303707 0.0686104 0 0
v 0.336284 0.177372 -0.092623 0 0
v 0.338946 0.177926 -0.0991704 0 0
v 0.317678 0.151671 0.0325441 0 0
v 0.313768 -0.0558969 0.0567639 0 0
v 0.31501 -0.0785654 0.0490719 0 0
v 0.315084 -0.0800808 0.0486108 0 0
v 0.317139 -0.155933 0.0358828 0 0
v 0.354033 -0.190633 -0.151718 0 0
v 0.326525 0.0848215 0.0428383 0 0
v 0.325877 -0.0711685 0.0467235 0 0
v 0.326827 0.0531 0.0499945 0 0
v 0.328859 -0.0666707 0.0468103 0 0
v 0.327192 -0.0200322 0.0655247 0 0
v 0.335877 0.0743888 0.04083 0 0
v 0.331427 0.000741437 0.0667875 0 0
v 0.337465 -0.121548 0.0315652 0 0
v 0.342687 -0.136924 0.0275825 0 0
v 0.352333 0.150339 -0.0101848 0 0
v 0.371568 -0.17806 -0.119927 0 0
v 0.345936 0.0821505 0.0349076 0 0
v 0.349304 0.00372388 0.0580832 0 0
v 0.353646 -0.0731421 0.0339482 0 0
v 0.350403 -0.00520773 0.0602485 0 0
v 0.355856 -0.0838641 0.0300617 0 0
v 0.359669 0.0322876 0.0422074 0 0
v 0.358767 -0.0126799 0.0552362 0 0
v 0.368474 0.138083 0.0108861 0 0
v 0.361289 -0.0231884 0.0496739 0 0
v 0.362915 0.0112241 0.0489768 0 0
v 0.3657 -0.0565516 0.0340015 0 0
v 0.366005 0.0293105 0.0404434 0 0
v 0.368333 0.038415 0.0360492 0 0
v 0.373732 -0.122548 0.0153767 0 0
v 0.373881 -0.0796299 0.0226393 0 0
v 0.377009 0.0735812 0.0221435 0 0
v 0.378624 -0.118082 0.0136691 0 0
v 0.41899 0.167092 -0.189287 0 0
v 0.376063 -0.0232694 0.0428571 0 0
v 0.378009 -0.0263028 0.0405546 0 0
v 0.381234 -0.0430304 0.0316601 0 0
v 0.381327 -0.0263244 0.0389463 0 0
v 0.381693 -0.0127481 0.044781 0 0
v 0.384577 -0.0430666 0.0300077 0 0
v 0.388977 0.0799267 0.0152676 0 0
v 0.388221 0.061538 0.0191211 0 0
v 0.387416 -0.0568615 0.0232301 0 0
v 0.387884 -0.0630027 0.0208429 0 0
v 0.390843 -0.0385552 0.0288862 0 0
v 0.397365 -0.12633 0.00371993 0 0
v 0.392837 -0.0248822 0.0340426 0 0
v 0.398085 -0.0939818 0.00777709 0 0
v 0.398301 0.060164 0.01432 0 0
v 0.400431 -0.0509087 0.0188547 0 0
v 0.412924 -0.144954 -0.0429554 0 0
v 0.403652 0.0387688 0.0179626 0 0
v 0.40811 0.0972419 0.00359297 0 0
v 0.408944 -0.112786 -0.000486851 0 0
v 0.411231 0.0850029 0.00331044 0 0
v 0.411445 -0.0865796 0.00227106 0 0
v 0.41427 -0.0526421 0.0107795 0 0
v 0.41602 -0.0758489 0.00237799 0 0
v 0.430585 0.0993657 -0.00838304 0 0
v 0.42625 0.0221131 0.0118356 0 0
v 0.430735 -0.0916948 -0.00908041 0 0
v 0.432093 0.0885751 -0.00822949 0 0
v 0.433642 0.0808745 -0.00827026 0 0
v 0.428782 0.0129472 0.0142348 0 0
v 0.435595 -0.0824931 -0.0101728 0 0
v 0.436624 -0.0700756 -0.00781798 0 0
v 0.455989 0.125818 -0.0894954 0 0
v 0.437553 0.0129814 0.00898111 0 0
v 0.436257 -0.0159885 0.0148798 0 0
v 0.4446 0.0997449 -0.0160475 0 0
v 0.442743 -0.0406679 -0.000670433 0 0
v 0.443644 -0.0190897 0.00906181 0 0
v 0.446729 0.0160914 0.00209606 0 0
v 0.454493 -0.0501563 -0.0119221 0 0
v 0.45814 -0.0720932 -0.0212057 0 0
v 0.457988 0.00537004 -0.000227213 0 0
v 0.456626 -0.00841355 0.00572228 0 0
v 0.462761 0.0146297 -0.00762153 0 0
v 0.467057 0.0379532 -0.0195372 0 0
v 0.462639 -0.000767279 -0.000436544 0 0
v 0.46245 -0.0130376 0.000384688 0 0
v 0.478416 -0.115102 -0.0415668 0 0
v 0.484655 0.0507288 -0.0348873 0 0
v 0.518031 0.110591 -0.168039 0 0
v 0.488008 0.0947817 -0.0423892 0 0
v 0.490942 0.0178948 -0.0286176 0 0
v 0.490251 -0.027193 -0.0257623 0 0
v 0.493588 0.0241726 -0.033108 0 0
v 0.500764 -0.07311 -0.0497131 0 0
v 0.502563 0.0794348 -0.0506384 0 0
v 0.49929 0.0242222 -0.0372853 0 0
v 0.505305 -0.0906553 -0.0553918 0 0
v 0.507451 0.052712 -0.0513229 0 0
v 0.500837 -0.0100944 -0.0245862 0 0
v 0.507237 -0.0558354 -0.050457 0 0
v 0.509981 0.0717284 -0.0551777 0 0
v 0.507597 0.029028 -0.0455701 0 0
v 0.510903 -0.0876511 -0.0588915 0 0
v 0.552837 0.103071 -0.221016 0 0
v 0.514607 0.0433436 -0.0547636 0 0
v 0.519541 0.0719607 -0.0618329 0 0
v 0.530599 0.0499667 -0.0679471 0 0
v 0.536648 0.0532673 -0.0729325 0 0
v 0.533891 0.0181918 -0.0622826 0 0
v 0.537796 -0.0788768 -0.0773675 0 0
v 0.536316 -0.0356488 -0.0655298 0 0
v 0.540734 0.0246149 -0.0703111 0 0
v 0.546527 0.0502645 -0.0802732 0 0
v 0.544042 -0.0213816 -0.0647857 0 0
v 0.550591 0.0519425 -0.0835743 0 0
v 0.557334 -0.0649554 -0.0908828 0 0
v 0.587089 0.00726792 -0.105566 0 0
v 0.587885 -0.0283026 -0.108423 0 0
v 0.587854 -0.0169341 -0.102526 0 0
v 0.593892 0.0300602 -0.11831 0 0
v 0.593967 -0.0398145 -0.118577 0 0
v 0.605586 -0.0449491 -0.130871 0 0
v 0.607624 0.0417077 -0.132287 0 0
v 0.607437 -0.0384247 -0.131629 0 0
v 0.618392 0.0188884 -0.141253 0 0
v 0.617109 -0.0106258 -0.131153 0 0
v 0.63327 -0.0173386 -0.152748 0 0
v 0.658487 -0.0506528 -0.238468 0 0
v 0.649776 0.0158482 -0.17483 0 0
v 0.668832 -0.0420703 -0.238611 0 0
v 0.67686 0.0250049 -0.248166 0 0
