v -0.436371 0.0589005 0.348662 0 0
v -0.424952 0.0444354 0.368189 0 0
v -0.42016 0.103644 0.381826 0 0
v -0.424864 0.0321008 0.358859 0 0
v -0.42801 0.0272658 0.346707 0 0
v -0.41187 0.0779545 0.39957 0 0
v -0.408688 0.0606598 0.402411 0 0
v -0.40907 0.0570368 0.400915 0 0
v -0.416886 0.146131 0.35058 0 0
v -0.401839 0.0932949 0.410114 0 0
v -0.422208 0.00832883 0.329524 0 0
v -0.399268 0.124503 0.400873 0 0
v -0.404432 0.226208 0.375198 0 0
v -0.39017 0.0647258 0.422776 0 0
v -0.417736 -0.136655 0.311343 0 0
v -0.397064 0.208753 0.384892 0 0
v -0.399163 0.013118 0.371273 0 0
v -0.403263 0.00567973 0.354543 0 0
v -0.395694 0.264835 0.375255 0 0
v -0.394589 0.153486 0.379792 0 0
v -0.386703 0.231533 0.407155 0 0
v -0.386106 0.217756 0.409615 0 0
v -0.384058 0.237518 0.40799 0 0
v -0.392272 0.272151 0.368753 0 0
v -0.388827 0.165577 0.383081 0 0
v -0.373466 0.0970891 0.44696 0 0
v -0.38582 0.264439 0.385282 0 0
v -0.39511 -0.110986 0.346404 0 0
v -0.358227 0.0386492 0.495939 0 0
v -0.392811 -0.139793 0.350729 0 0
v -0.380977 0.185257 0.395248 0 0
v -0.36504 0.10472 0.457394 0 0
v -0.394008 -0.180027 0.329564 0 0
v -0.396092 -0.042 0.315252 0 0
v -0.375698 0.261328 0.396765 0 0
v -0.368785 0.140633 0.426265 0 0
v -0.370236 0.151377 0.414884 0 0
v -0.360127 0.115312 0.458165 0 0
v -0.38408 -0.0765629 0.350197 0 0
v -0.345967 0.0508944 0.508995 0 0
v -0.453569 0.411446 0.0387843 0 0
v -0.345054 0.0223911 0.503035 0 0
v -0.473983 0.489809 -0.0631735 0 0
v -0.467591 0.470714 -0.0353494 0 0
v -0.358375 0.189658 0.44005 0 0
v -0.34194 0.049664 0.51159 0 0
v -0.381685 -0.0146557 0.338589 0 0
v -0.36064 0.24669 0.419638 0 0
v -0.359811 0.241285 0.42327 0 0
v -0.355779 0.205096 0.440941 0 0
v -0.35161 0.155417 0.459211 0 0
v -0.370921 0.280849 0.369104 0 0
v -0.375287 -0.184163 0.349905 0 0
v -0.449472 0.437303 0.0170377 0 0
v -0.34271 0.115396 0.488047 0 0
v -0.445515 0.430387 0.0278193 0 0
v -0.431181 0.349191 0.091274 0 0
v -0.355461 0.240796 0.426466 0 0
v -0.368035 -0.139341 0.370806 0 0
v -0.39798 -0.249328 0.238247 0 0
v -0.376323 -0.208356 0.328442 0 0
v -0.333166 0.0358794 0.515077 0 0
v -0.338873 -0.000579308 0.489639 0 0
v -0.370708 -0.018377 0.347749 0 0
v -0.333118 0.0211413 0.510197 0 0
v -0.363702 -0.141613 0.373413 0 0
v -0.435089 0.418614 0.0474542 0 0
v -0.347571 0.226729 0.440207 0 0
v -0.344298 0.205631 0.454895 0 0
v -0.337045 0.138647 0.487444 0 0
v -0.363616 -0.0782306 0.368204 0 0
v -0.420386 0.356493 0.106918 0 0
v -0.336155 0.146886 0.486229 0 0
v -0.334228 0.124109 0.494907 0 0
v -0.329883 0.0757762 0.514472 0 0
v -0.329016 0.0471646 0.518377 0 0
v -0.347207 0.242503 0.43104 0 0
v -0.328029 0.0665155 0.517699 0 0
v -0.335082 0.170746 0.480562 0 0
v -0.458994 0.492637 -0.0885818 0 0
v -0.346888 0.254869 0.421539 0 0
v -0.355063 -0.139911 0.378678 0 0
v -0.423852 0.414913 0.0577676 0 0
v -0.323659 0.0779285 0.516883 0 0
v -0.322208 0.0755796 0.518327 0 0
v -0.404334 0.341358 0.134086 0 0
v -0.326001 0.147133 0.495579 0 0
v -0.35067 -0.112338 0.381736 0 0
v -0.327323 0.17965 0.484111 0 0
v -0.322906 0.122165 0.504566 0 0
v -0.320325 0.0847751 0.51652 0 0
v -0.432021 0.450503 -0.00789618 0 0
v -0.318652 0.078953 0.519005 0 0
v -0.326423 -0.0133828 0.482887 0 0
v -0.349297 -0.0778292 0.376576 0 0
v -0.332395 0.23012 0.449604 0 0
v -0.319025 0.103298 0.511966 0 0
v -0.34849 -0.0679524 0.374535 0 0
v -0.348339 -0.0704156 0.375237 0 0
v -0.326715 0.20471 0.470629 0 0
v -0.319832 0.138383 0.502846 0 0
v -0.321917 -0.00866925 0.493085 0 0
v -0.36076 -0.250654 0.311263 0 0
v -0.399894 0.36819 0.121327 0 0
v -0.314559 0.0663124 0.522224 0 0
v -0.315358 0.108921 0.513115 0 0
v -0.313244 0.0379518 0.52308 0 0
v -0.367097 -0.279472 0.269167 0 0
v -0.390971 0.338463 0.14991 0 0
v -0.317838 0.165553 0.49598 0 0
v -0.312228 0.0334328 0.522525 0 0
v -0.345059 -0.0331908 0.367167 0 0
v -0.355202 -0.250769 0.319171 0 0
v -0.320973 0.202874 0.475611 0 0
v -0.317464 0.175212 0.492279 0 0
v -0.343612 -0.033172 0.368095 0 0
v -0.339505 -0.111932 0.387599 0 0
v -0.342138 -0.19257 0.375092 0 0
v -0.446743 0.499013 -0.129463 0 0
v -0.399948 0.39848 0.0865986 0 0
v -0.335061 0.277271 0.397023 0 0
v -0.312343 0.147289 0.505709 0 0
v -0.307701 0.0787669 0.522496 0 0
v -0.336631 -0.165526 0.383582 0 0
v -0.336811 -0.171817 0.382715 0 0
v -0.35929 -0.285182 0.274778 0 0
v -0.398591 0.404485 0.0789918 0 0
v -0.32889 0.268097 0.414914 0 0
v -0.327418 0.263266 0.422008 0 0
v -0.3139 0.189732 0.48716 0 0
v -0.309928 0.150668 0.5063 0 0
v -0.306234 0.114199 0.518626 0 0
v -0.335948 -0.0268011 0.374892 0 0
v -0.336552 -0.219165 0.371966 0 0
v -0.30386 0.033385 0.524639 0 0
v -0.307168 0.000572 0.508575 0 0
v -0.332363 -0.0847928 0.386244 0 0
v -0.336273 -0.228565 0.367262 0 0
v -0.3333 -0.216178 0.375647 0 0
v -0.334398 -0.22564 0.370296 0 0
v -0.328664 -0.137508 0.392231 0 0
v -0.32931 -0.152607 0.389066 0 0
v -0.299921 0.121896 0.521743 0 0
v -0.299777 0.0221007 0.522453 0 0
v -0.327157 -0.0810162 0.387498 0 0
v -0.324387 -0.12126 0.395084 0 0
v -0.324381 -0.126182 0.395114 0 0
v -0.324571 -0.137342 0.394176 0 0
v -0.301359 0.168187 0.503338 0 0
v -0.327348 -0.227585 0.374262 0 0
v -0.296282 0.125197 0.522925 0 0
v -0.322833 -0.169749 0.390559 0 0
v -0.320474 -0.112566 0.396183 0 0
v -0.323982 -0.223243 0.378629 0 0
v -0.2953 0.143952 0.516471 0 0
v -0.322216 -0.0440797 0.381251 0 0
v -0.320386 -0.0833374 0.390446 0 0
v -0.321799 -0.215153 0.383347 0 0
v -0.303479 0.221299 0.469486 0 0
v -0.30156 0.209401 0.479161 0 0
v -0.297913 0.182666 0.497556 0 0
v -0.320541 -0.0303802 0.383437 0 0
v -0.319678 -0.205904 0.387792 0 0
v -0.370157 0.371594 0.125964 0 0
v -0.321315 -0.235215 0.373239 0 0
v -0.331347 -0.273441 0.322452 0 0
v -0.300767 0.219859 0.471336 0 0
v -0.298173 0.20285 0.484521 0 0
v -0.294328 0.172695 0.504063 0 0
v -0.298452 0.21318 0.477162 0 0
v -0.296943 0.202804 0.484864 0 0
v -0.359553 0.346838 0.158189 0 0
v -0.313134 -0.1741 0.395974 0 0
v -0.308876 -0.157815 0.39891 0 0
v -0.325568 -0.286733 0.312384 0 0
v -0.328147 -0.294223 0.299019 0 0
v -0.373423 0.403237 0.0565984 0 0
v -0.308749 -0.0770333 0.393178 0 0
v -0.318237 -0.26488 0.343799 0 0
v -0.297137 0.248309 0.447415 0 0
v -0.306967 -0.0879686 0.396049 0 0
v -0.305953 -0.140407 0.40135 0 0
v -0.304878 -0.150292 0.400554 0 0
v -0.279835 0.135112 0.526002 0 0
v -0.303553 -0.15147 0.401072 0 0
v -0.290472 0.232731 0.463766 0 0
v -0.287816 0.215424 0.477817 0 0
v -0.285603 0.199864 0.48952 0 0
v -0.287725 -0.0239285 0.478295 0 0
v -0.30409 -0.0610647 0.391746 0 0
v -0.303402 -0.211089 0.395382 0 0
v -0.281 -0.00286152 0.507808 0 0
v -0.300889 -0.156266 0.402191 0 0
v -0.300857 -0.167279 0.402363 0 0
v -0.295768 0.269155 0.422965 0 0
v -0.276921 0.0368095 0.523456 0 0
v -0.311624 -0.278486 0.338421 0 0
v -0.286732 0.232565 0.464863 0 0
v -0.282338 0.202332 0.488392 0 0
v -0.273131 0.097026 0.537683 0 0
v -0.278199 0.00171373 0.510552 0 0
v -0.298594 -0.0999401 0.401358 0 0
v -0.343529 0.346363 0.153193 0 0
v -0.339037 0.332046 0.177344 0 0
v -0.273989 0.0581874 0.527038 0 0
v -0.275793 0.0142161 0.517342 0 0
v -0.296647 -0.116824 0.405232 0 0
v -0.29685 -0.167093 0.404138 0 0
v -0.296865 -0.18424 0.404062 0 0
v -0.307073 -0.270351 0.34918 0 0
v -0.272352 0.130255 0.52978 0 0
v -0.295507 -0.162131 0.404782 0 0
v -0.30265 -0.253775 0.366224 0 0
v -0.33878 -0.494493 0.171182 0 0
v -0.337318 -0.509119 0.179078 0 0
v -0.269676 0.0869018 0.538172 0 0
v -0.282968 0.239253 0.459714 0 0
v -0.28737 -0.0329966 0.435753 0 0
v -0.293722 -0.0913665 0.401178 0 0
v -0.279514 0.225603 0.472137 0 0
v -0.267521 0.108242 0.537694 0 0
v -0.289345 -0.035789 0.418397 0 0
v -0.292415 -0.206591 0.401615 0 0
v -0.33323 -0.500893 0.178518 0 0
v -0.342142 0.357989 0.121927 0 0
v -0.269238 0.150206 0.52211 0 0
v -0.267895 0.133666 0.529481 0 0
v -0.290305 -0.152181 0.406472 0 0
v -0.299309 -0.267803 0.357046 0 0
v -0.330754 -0.518762 0.184438 0 0
v -0.294305 -0.245773 0.377682 0 0
v -0.330623 -0.496983 0.177485 0 0
v -0.264319 0.0735154 0.536791 0 0
v -0.267685 0.0278483 0.518157 0 0
v -0.287732 -0.147226 0.407183 0 0
v -0.295096 -0.258757 0.366415 0 0
v -0.287304 -0.0410434 0.402768 0 0
v -0.288031 -0.0497452 0.398727 0 0
v -0.272811 0.221403 0.476845 0 0
v -0.290411 -0.246881 0.378577 0 0
v -0.291093 -0.2512 0.374774 0 0
v -0.275485 0.244678 0.455298 0 0
v -0.27015 -0.0203339 0.485212 0 0
v -0.284399 -0.203666 0.405317 0 0
v -0.284655 -0.207523 0.403882 0 0
v -0.326148 -0.481857 0.171223 0 0
v -0.282659 -0.112942 0.408224 0 0
v -0.296596 -0.296596 0.32974 0 0
v -0.283477 0.284707 0.396693 0 0
v -0.259986 0.137043 0.529556 0 0
v -0.278931 0.275285 0.415533 0 0
v -0.262004 0.0188369 0.511683 0 0
v -0.255729 0.0856159 0.540976 0 0
v -0.279785 -0.0459166 0.403723 0 0
v -0.279955 -0.0496201 0.402755 0 0
v -0.29338 -0.301083 0.326163 0 0
v -0.256297 0.060272 0.531307 0 0
v -0.263807 0.217218 0.481596 0 0
v -0.253852 0.0745306 0.538892 0 0
v -0.254395 0.0668278 0.53577 0 0
v -0.270906 -0.0352835 0.440737 0 0
v -0.275953 -0.189451 0.411688 0 0
v -0.282789 -0.260316 0.372337 0 0
v -0.290164 -0.300413 0.32989 0 0
v -0.26941 0.256268 0.442469 0 0
v -0.252247 0.0889296 0.541693 0 0
v -0.274831 -0.129798 0.411129 0 0
v -0.261609 0.218493 0.480835 0 0
v -0.257028 0.0120213 0.507432 0 0
v -0.313704 -0.486975 0.178314 0 0
v -0.25316 0.152349 0.523318 0 0
v -0.282708 -0.287768 0.350962 0 0
v -0.310978 -0.505773 0.186068 0 0
v -0.265512 0.254772 0.444309 0 0
v -0.252126 0.153542 0.522738 0 0
v -0.251215 0.142826 0.528077 0 0
v -0.253418 0.0335992 0.515172 0 0
v -0.254408 0.015436 0.509367 0 0
v -0.265101 -0.0351482 0.446718 0 0
v -0.253432 0.190218 0.501617 0 0
v -0.267896 -0.152476 0.416101 0 0
v -0.276363 -0.275109 0.366044 0 0
v -0.266545 -0.162113 0.416913 0 0
v -0.248587 0.0346997 0.516813 0 0
v -0.249536 0.0154175 0.511148 0 0
v -0.266555 -0.0982046 0.409603 0 0
v -0.261276 0.262477 0.433936 0 0
v -0.265907 -0.0605168 0.406178 0 0
v -0.302055 -0.538143 0.189513 0 0
v -0.248031 0.182729 0.50646 0 0
v -0.242232 0.103494 0.541376 0 0
v -0.242157 0.0900398 0.54183 0 0
v -0.250301 -0.00867095 0.492791 0 0
v -0.25098 -0.0144908 0.4887 0 0
v -0.262774 -0.0493844 0.410339 0 0
v -0.262369 -0.110183 0.412791 0 0
v -0.261939 -0.123373 0.415391 0 0
v -0.261514 -0.145016 0.417959 0 0
v -0.306647 -0.454634 0.144927 0 0
v -0.255877 0.253491 0.444848 0 0
v -0.260884 -0.044393 0.414412 0 0
v -0.261909 -0.084861 0.408186 0 0
v -0.260203 -0.155879 0.418551 0 0
v -0.265466 -0.250615 0.386565 0 0
v -0.274356 -0.306332 0.332536 0 0
v -0.24325 0.0176598 0.514664 0 0
v -0.271442 -0.305932 0.334716 0 0
v -0.246935 0.221249 0.477903 0 0
v -0.242615 0.185259 0.504533 0 0
v -0.256823 -0.0418932 0.416955 0 0
v -0.261993 -0.268216 0.377416 0 0
v -0.265222 -0.290421 0.357419 0 0
v -0.234714 0.105874 0.53942 0 0
v -0.252646 -0.159343 0.420294 0 0
v -0.259173 -0.266632 0.379482 0 0
v -0.240634 -0.0156557 0.488153 0 0
v -0.259155 -0.277889 0.371789 0 0
v -0.231641 0.0648144 0.530488 0 0
v -0.282982 -0.514325 0.204784 0 0
v -0.230856 0.0603952 0.528304 0 0
v -0.237494 -0.0180008 0.485991 0 0
v -0.228145 0.0891279 0.538441 0 0
v -0.22816 0.0880126 0.538345 0 0
v -0.231079 0.0255492 0.519647 0 0
v -0.261274 -0.315198 0.326206 0 0
v -0.231293 0.00628199 0.510958 0 0
v -0.247972 0.28366 0.395661 0 0
v -0.229913 0.166017 0.512497 0 0
v -0.226174 0.106072 0.536689 0 0
v -0.230216 0.00514128 0.510537 0 0
v -0.288675 -0.446264 0.132318 0 0
v -0.280842 -0.477361 0.182995 0 0
v -0.279674 -0.486481 0.190549 0 0
v -0.230539 0.185696 0.501006 0 0
v -0.229739 -0.00286459 0.506208 0 0
v -0.22537 0.062697 0.527269 0 0
v -0.248537 -0.27719 0.375882 0 0
v -0.282543 -0.452494 0.153663 0 0
v -0.274626 -0.511396 0.2054 0 0
v -0.231075 0.211285 0.482386 0 0
v -0.228242 -0.00862375 0.500994 0 0
v -0.241231 -0.10269 0.415682 0 0
v -0.260153 -0.336167 0.291412 0 0
v -0.223436 0.0469498 0.525124 0 0
v -0.245744 -0.275607 0.377868 0 0
v -0.259268 -0.338033 0.288598 0 0
v -0.279085 -0.454308 0.157793 0 0
v -0.274398 -0.482802 0.18873 0 0
v -0.231995 0.235537 0.460836 0 0
v -0.239053 -0.0967163 0.414005 0 0
v -0.238353 -0.186195 0.41865 0 0
v -0.239865 -0.217893 0.40862 0 0
v -0.244038 -0.27136 0.380937 0 0
v -0.281241 -0.444404 0.134109 0 0
v -0.275482 -0.464744 0.172322 0 0
v -0.273284 -0.480507 0.186901 0 0
v -0.220118 0.0782517 0.532162 0 0
v -0.231534 -0.0302001 0.456035 0 0
v -0.237875 -0.0955151 0.413749 0 0
v -0.241524 -0.257584 0.389419 0 0
v -0.247518 -0.309875 0.340958 0 0
v -0.227191 0.224843 0.469334 0 0
v -0.219063 0.0367936 0.524096 0 0
v -0.218774 0.146039 0.518385 0 0
v -0.218021 0.033411 0.523487 0 0
v -0.221686 -0.0109404 0.498668 0 0
v -0.218735 0.15934 0.510914 0 0
v -0.277445 -0.43971 0.111237 0 0
v -0.26634 -0.479134 0.186834 0 0
v -0.26418 -0.500079 0.201542 0 0
v -0.22138 0.202786 0.485 0 0
v -0.215542 0.043561 0.524952 0 0
v -0.230561 -0.0332832 0.422167 0 0
v -0.229946 -0.189902 0.418076 0 0
v -0.274607 -0.438357 0.110825 0 0
v -0.213339 0.0413097 0.524537 0 0
v -0.213663 0.028904 0.522294 0 0
v -0.227919 -0.136026 0.423698 0 0
v -0.231848 -0.246607 0.396531 0 0
v -0.220008 0.220008 0.470298 0 0
v -0.212325 0.0356706 0.523716 0 0
v -0.22702 -0.171324 0.421545 0 0
v -0.260509 -0.480032 0.188695 0 0
v -0.210499 0.0998882 0.528567 0 0
v -0.234661 0.299177 0.350827 0 0
v -0.229736 0.285467 0.38544 0 0
v -0.245089 -0.348146 0.277535 0 0
v -0.254361 -0.516264 0.212375 0 0
v -0.208836 0.0447101 0.524368 0 0
v -0.242455 -0.343642 0.286816 0 0
v -0.25457 -0.496033 0.201208 0 0
v -0.251814 -0.534337 0.220686 0 0
v -0.20742 0.0909937 0.526382 0 0
v -0.221938 -0.0308416 0.42324 0 0
v -0.222538 -0.184943 0.418981 0 0
v -0.219009 0.252611 0.435524 0 0
v -0.206478 0.0978648 0.525041 0 0
v -0.220789 -0.149411 0.422807 0 0
v -0.22834 -0.289648 0.36887 0 0
v -0.207889 0.15291 0.50678 0 0
v -0.255053 -0.460219 0.168013 0 0
v -0.211516 0.211516 0.472308 0 0
v -0.204439 0.0855131 0.523426 0 0
v -0.221509 -0.052156 0.400131 0 0
v -0.2186 -0.158046 0.421143 0 0
v -0.263495 -0.406557 0.0968845 0 0
v -0.231616 -0.538299 0.327134 0 0
v -0.21223 0.227601 0.458611 0 0
v -0.204477 0.128154 0.514918 0 0
v -0.234623 -0.340498 0.295974 0 0
v -0.204461 0.00171814 0.506719 0 0
v -0.205045 -0.00402052 0.502455 0 0
v -0.221011 -0.265585 0.385846 0 0
v -0.215566 -0.105051 0.416742 0 0
v -0.251992 -0.446488 0.149206 0 0
v -0.242981 -0.514025 0.215387 0 0
v -0.226534 -0.535386 0.336186 0 0
v -0.200058 0.0685751 0.522319 0 0
v -0.204212 -0.0121486 0.491636 0 0
v -0.209977 -0.025578 0.449056 0 0
v -0.214082 -0.113409 0.418735 0 0
v -0.225782 -0.321723 0.332315 0 0
v -0.249507 -0.451656 0.157079 0 0
v -0.213185 0.265418 0.416387 0 0
v -0.212891 0.263839 0.418571 0 0
v -0.203659 0.181611 0.487149 0 0
v -0.199569 0.0983632 0.517529 0 0
v -0.248851 -0.447364 0.151451 0 0
v -0.197838 0.0447827 0.52197 0 0
v -0.198764 0.0176553 0.515047 0 0
v -0.228754 -0.494868 0.291001 0 0
v -0.199138 0.14175 0.503681 0 0
v -0.200801 0.185668 0.482436 0 0
v -0.198144 0.14186 0.502519 0 0
v -0.209636 -0.103907 0.415666 0 0
v -0.214463 0.29245 0.360173 0 0
v -0.205042 0.249538 0.432207 0 0
v -0.194872 0.105722 0.509973 0 0
v -0.194495 0.096392 0.512854 0 0
v -0.195254 0.0074437 0.507049 0 0
v -0.207071 0.269375 0.407356 0 0
v -0.19361 0.098804 0.510887 0 0
v -0.205628 -0.157102 0.418456 0 0
v -0.192165 0.0176769 0.513229 0 0
v -0.204396 -0.14617 0.418602 0 0
v -0.210942 -0.291063 0.36795 0 0
v -0.203742 -0.21469 0.414246 0 0
v -0.238748 -0.424045 0.141793 0 0
v -0.213273 -0.504852 0.340066 0 0
v -0.232248 0.334075 0.181523 0 0
v -0.192467 0.146229 0.493007 0 0
v -0.201966 -0.201966 0.418633 0 0
v -0.191058 0.1368 0.494997 0 0
v -0.201534 -0.2198 0.412479 0 0
v -0.205838 -0.276731 0.378572 0 0
v -0.210078 -0.314165 0.345175 0 0
v -0.215385 -0.340321 0.303374 0 0
v -0.206907 0.291179 0.360245 0 0
v -0.200789 0.266702 0.408729 0 0
v -0.199434 -0.163063 0.419468 0 0
v -0.201631 -0.240854 0.402057 0 0
v -0.188787 0.126435 0.494697 0 0
v -0.186035 0.0483578 0.516639 0 0
v -0.199286 -0.0895873 0.410983 0 0
v -0.2246 0.328261 0.198121 0 0
v -0.189167 0.178625 0.472986 0 0
v -0.205171 -0.315696 0.343803 0 0
v -0.196941 -0.0595118 0.40033 0 0
v -0.195252 -0.114962 0.414046 0 0
v -0.193103 -0.172522 0.421668 0 0
v -0.192853 -0.122282 0.413772 0 0
v -0.218686 -0.487732 0.201291 0 0
v -0.20104 -0.495307 0.346427 0 0
v -0.190516 0.247368 0.423044 0 0
v -0.189086 0.231106 0.434874 0 0
v -0.207619 -0.475217 0.281475 0 0
v -0.191588 0.266264 0.404037 0 0
v -0.186368 0.210185 0.447518 0 0
v -0.222031 -0.422072 0.150438 0 0
v -0.215485 -0.490865 0.204967 0 0
v -0.184682 0.213371 0.441645 0 0
v -0.187748 -0.144001 0.415774 0 0
v -0.187069 -0.190701 0.421507 0 0
v -0.193512 -0.484098 0.345723 0 0
v -0.187734 0.276954 0.38453 0 0
v -0.179664 0.164247 0.453971 0 0
v -0.18486 -0.0860241 0.409256 0 0
v -0.199877 -0.470337 0.280037 0 0
v -0.190144 -0.517718 0.36379 0 0
v -0.173465 0.0801052 0.497394 0 0
v -0.173295 0.0155447 0.498871 0 0
v -0.182178 -0.179757 0.421924 0 0
v -0.182745 -0.20703 0.417009 0 0
v -0.18942 -0.300177 0.359187 0 0
v -0.209929 0.357372 0.169366 0 0
v -0.206422 0.332071 0.199947 0 0
v -0.174556 0.103333 0.477828 0 0
v -0.182049 -0.129687 0.412493 0 0
v -0.172587 0.092395 0.484867 0 0
v -0.177217 0.18803 0.43367 0 0
v -0.16857 0.0281909 0.499925 0 0
v -0.17588 0.190386 0.424119 0 0
v -0.167234 0.0511471 0.50159 0 0
v -0.177461 -0.114038 0.409959 0 0
v -0.17723 -0.218645 0.412024 0 0
v -0.205747 -0.399474 0.156517 0 0
v -0.202238 -0.471888 0.187958 0 0
v -0.182273 -0.507983 0.366843 0 0
v -0.201303 0.348972 0.18385 0 0
v -0.183008 0.288127 0.348906 0 0
v -0.175398 0.168115 0.417562 0 0
v -0.18068 -0.513281 0.369912 0 0
v -0.180405 -0.547458 0.37239 0 0
v -0.166308 0.0156457 0.489118 0 0
v -0.175469 -0.0825378 0.405889 0 0
v -0.174081 -0.157098 0.4185 0 0
v -0.184793 -0.340409 0.309399 0 0
v -0.178985 -0.494249 0.36254 0 0
v -0.172537 0.201801 0.410374 0 0
v -0.174267 0.158257 0.39443 0 0
v -0.177945 -0.489819 0.360551 0 0
v -0.171597 0.236328 0.407776 0 0
v -0.170434 -0.189842 0.418575 0 0
v -0.196366 0.366691 0.164888 0 0
v -0.173791 -0.0130811 0.375865 0 0
v -0.169306 -0.153528 0.417778 0 0
v -0.19674 -0.432264 0.161397 0 0
v -0.174826 -0.495653 0.366195 0 0
v -0.190083 0.31772 0.210786 0 0
v -0.169409 0.210997 0.405383 0 0
v -0.171832 0.171832 0.382579 0 0
v -0.169218 0.133786 0.40718 0 0
v -0.16925 -0.100817 0.406878 0 0
v -0.168843 -0.21273 0.410713 0 0
v -0.172057 -0.497403 0.368675 0 0
v -0.19523 0.385455 0.135407 0 0
v -0.190021 0.348719 0.185163 0 0
v -0.187319 0.316315 0.210969 0 0
v -0.161036 0.0855318 0.461991 0 0
v -0.189381 -0.471025 0.19127 0 0
v -0.159106 0.0193745 0.469206 0 0
v -0.166244 -0.233724 0.400527 0 0
v -0.191073 -0.411053 0.161648 0 0
v -0.191012 -0.4222 0.162231 0 0
v -0.190976 -0.426349 0.162575 0 0
v -0.165195 0.135718 0.398808 0 0
v -0.173133 -0.33275 0.321865 0 0
v -0.17133 -0.329186 0.326897 0 0
v -0.181579 -0.377439 0.22682 0 0
v -0.188097 -0.413531 0.163169 0 0
v -0.186245 0.367571 0.167521 0 0
v -0.16181 0.115404 0.407939 0 0
v -0.161034 -0.144019 0.415576 0 0
v -0.161101 -0.191497 0.414919 0 0
v -0.162189 -0.220945 0.404209 0 0
v -0.165207 -0.510583 0.374518 0 0
v -0.187107 0.384885 0.145048 0 0
v -0.161682 0.21701 0.397105 0 0
v -0.160674 0.114244 0.407094 0 0
v -0.160501 -0.125106 0.40881 0 0
v -0.162563 -0.254044 0.388368 0 0
v -0.180837 0.336038 0.193464 0 0
v -0.163368 -0.00312967 0.367973 0 0
v -0.182969 -0.443753 0.172164 0 0
v -0.185804 0.396716 0.129514 0 0
v -0.157193 -0.168118 0.417535 0 0
v -0.161745 -0.497724 0.371717 0 0
v -0.159558 0.148383 0.381228 0 0
v -0.159459 0.14705 0.382237 0 0
v -0.161595 -0.29741 0.360569 0 0
v -0.180619 -0.405513 0.167565 0 0
v -0.177214 -0.462688 0.202103 0 0
v -0.155065 -0.186686 0.414476 0 0
v -0.162299 -0.465258 0.340506 0 0
v -0.175363 0.334785 0.192752 0 0
v -0.156764 0.0167297 0.384433 0 0
v -0.1557 -0.0707727 0.3954 0 0
v -0.164369 -0.455427 0.306051 0 0
v -0.155264 0.135469 0.387139 0 0
v -0.153923 -0.0913726 0.401072 0 0
v -0.153065 -0.132331 0.40998 0 0
v -0.168537 -0.368633 0.24926 0 0
v -0.160409 -0.462054 0.333697 0 0
v -0.150819 0.0660211 0.420733 0 0
v -0.151189 0.0516107 0.416857 0 0
v -0.152928 -0.0829126 0.39865 0 0
v -0.151576 -0.186882 0.412808 0 0
v -0.153516 -0.236131 0.392488 0 0
v -0.173771 0.370758 0.165661 0 0
v -0.154382 0.264387 0.370331 0 0
v -0.154861 0.225082 0.365274 0 0
v -0.151299 -0.115771 0.402879 0 0
v -0.155041 -0.293134 0.363377 0 0
v -0.153236 0.263316 0.369225 0 0
v -0.150792 0.113864 0.395232 0 0
v -0.171088 0.37245 0.164257 0 0
v -0.168406 0.327803 0.19303 0 0
v -0.152297 0.154804 0.365879 0 0
v -0.152691 -0.0119388 0.361652 0 0
v -0.152557 0.18674 0.349498 0 0
v -0.14737 0.0898893 0.405625 0 0
v -0.146822 -0.141949 0.411544 0 0
v -0.15156 -0.294944 0.360295 0 0
v -0.167538 0.361013 0.172257 0 0
v -0.145905 0.0750894 0.408256 0 0
v -0.145835 0.0628494 0.409025 0 0
v -0.146167 0.0507609 0.405404 0 0
v -0.151175 -0.304248 0.350765 0 0
v -0.154659 -0.453625 0.312756 0 0
v -0.166087 0.359505 0.172797 0 0
v -0.14533 0.0950472 0.401153 0 0
v -0.149172 -0.00188828 0.358886 0 0
v -0.144662 -0.187389 0.408503 0 0
v -0.14873 0.214551 0.349825 0 0
v -0.143676 0.0654184 0.4059 0 0
v -0.14488 -0.072132 0.392535 0 0
v -0.148856 -0.305946 0.34843 0 0
v -0.146011 -0.516321 0.379988 0 0
v -0.142745 0.0557503 0.402631 0 0
v -0.14467 -0.267608 0.381094 0 0
v -0.147 -0.298417 0.355015 0 0
v -0.15678 -0.400361 0.245577 0 0
v -0.166181 0.410776 0.12428 0 0
v -0.154042 -0.438121 0.261287 0 0
v -0.143523 -0.515068 0.380022 0 0
v -0.145622 0.216844 0.341971 0 0
v -0.142048 0.117236 0.382667 0 0
v -0.139782 -0.139782 0.408467 0 0
v -0.139604 -0.149358 0.410491 0 0
v -0.142822 -0.277536 0.373857 0 0
v -0.151456 -0.443787 0.275547 0 0
v -0.143067 -0.494175 0.371065 0 0
v -0.162334 0.404047 0.135414 0 0
v -0.157364 0.30433 0.192496 0 0
v -0.144465 0.167375 0.340661 0 0
v -0.138181 0.071854 0.398729 0 0
v -0.138374 -0.0916344 0.39649 0 0
v -0.15735 0.376087 0.160241 0 0
v -0.138306 -0.259866 0.382905 0 0
v -0.148851 -0.414514 0.259607 0 0
v -0.154601 0.343481 0.176017 0 0
v -0.136623 -0.0686204 0.388132 0 0
v -0.138249 -0.0119943 0.354046 0 0
v -0.136513 -0.0442577 0.374712 0 0
v -0.134841 -0.206264 0.394622 0 0
v -0.145096 -0.36506 0.272525 0 0
v -0.137395 -0.483706 0.364213 0 0
v -0.137171 0.010746 0.351835 0 0
v -0.139772 0.180078 0.304954 0 0
v -0.133583 -0.539925 0.380007 0 0
v -0.133536 -0.281492 0.365373 0 0
v -0.141225 -0.423674 0.271256 0 0
v -0.148147 0.346145 0.169328 0 0
v -0.131149 0.0963416 0.379379 0 0
v -0.133615 -0.00443277 0.348902 0 0
v -0.130017 -0.113996 0.393363 0 0
v -0.147889 0.379983 0.155029 0 0
v -0.14772 0.375307 0.157144 0 0
v -0.128901 -0.222647 0.391916 0 0
v -0.129814 -0.259007 0.380521 0 0
v -0.136156 -0.450162 0.301402 0 0
v -0.145284 0.327766 0.170019 0 0
v -0.131223 0.135027 0.347123 0 0
v -0.127186 -0.130872 0.397983 0 0
v -0.14622 0.400145 0.140252 0 0
v -0.144432 0.316341 0.163003 0 0
v -0.1305 0.140685 0.340197 0 0
v -0.127217 0.0763305 0.381949 0 0
v -0.128478 -0.0357231 0.365921 0 0
v -0.125432 -0.159696 0.404658 0 0
v -0.128129 -0.49564 0.370358 0 0
v -0.147173 0.438591 0.0908843 0 0
v -0.127239 -0.0132937 0.349467 0 0
v -0.127187 -0.0145537 0.350148 0 0
v -0.12446 -0.0774006 0.385515 0 0
v -0.123995 -0.121528 0.391544 0 0
v -0.132785 -0.395714 0.27752 0 0
v -0.132814 -0.402406 0.277152 0 0
v -0.125262 -0.54654 0.37512 0 0
v -0.124606 -0.039448 0.367384 0 0
v -0.123268 -0.0774297 0.384908 0 0
v -0.12274 -0.0993019 0.391833 0 0
v -0.140911 0.405567 0.135001 0 0
v -0.139113 0.336836 0.158806 0 0
v -0.124749 0.033562 0.348906 0 0
v -0.121354 -0.194044 0.393842 0 0
v -0.129781 -0.37485 0.282308 0 0
v -0.137853 0.340038 0.156759 0 0
v -0.140558 0.434784 0.101113 0 0
v -0.138339 0.409282 0.131098 0 0
v -0.136163 0.309719 0.160486 0 0
v -0.135951 0.305009 0.163362 0 0
v -0.118485 -0.168826 0.399313 0 0
v -0.125194 -0.437197 0.290966 0 0
v -0.1164 -0.181682 0.394204 0 0
v -0.116477 -0.191662 0.393147 0 0
v -0.132439 0.313746 0.153393 0 0
v -0.132333 0.312078 0.15488 0 0
v -0.118112 0.0549506 0.353155 0 0
v -0.116947 -0.264539 0.369396 0 0
v -0.117737 -0.48669 0.358383 0 0
v -0.117027 -0.500024 0.368288 0 0
v -0.131822 0.274333 0.142126 0 0
v -0.118965 -0.461071 0.323326 0 0
v -0.115981 -0.495897 0.36539 0 0
v -0.13131 0.409717 0.129114 0 0
v -0.129774 0.31699 0.151 0 0
v -0.113283 -0.110807 0.385965 0 0
v -0.129081 0.388671 0.14055 0 0
v -0.113854 -0.0371126 0.359905 0 0
v -0.111435 -0.153301 0.394743 0 0
v -0.111427 -0.165602 0.394863 0 0
v -0.111619 -0.200421 0.392096 0 0
v -0.118691 -0.374434 0.290227 0 0
v -0.117489 -0.399725 0.288631 0 0
v -0.117285 -0.430481 0.291605 0 0
v -0.11419 -0.470159 0.336678 0 0
v -0.109172 -0.175786 0.391806 0 0
v -0.111685 0.0644585 0.335982 0 0
v -0.108003 -0.178359 0.390852 0 0
v -0.110727 0.0608037 0.331194 0 0
v -0.10942 -0.0271968 0.350893 0 0
v -0.106778 -0.182079 0.390701 0 0
v -0.122505 0.367515 0.132086 0 0
v -0.106921 -0.0706552 0.369709 0 0
v -0.105878 -0.136836 0.385614 0 0
v -0.108523 -0.47915 0.345281 0 0
v -0.12043 0.300005 0.141998 0 0
v -0.104395 -0.174816 0.38938 0 0
v -0.122878 0.452516 0.0815169 0 0
v -0.121402 0.433994 0.104565 0 0
v -0.119764 0.375068 0.130144 0 0
v -0.104913 -0.272019 0.362013 0 0
v -0.101879 -0.192027 0.390095 0 0
v -0.116994 0.398354 0.128561 0 0
v -0.106096 -0.349531 0.302886 0 0
v -0.10644 -0.370255 0.297381 0 0
v -0.119629 0.464398 0.0626429 0 0
v -0.104627 -0.449052 0.305591 0 0
v -0.104721 0.0612519 0.28274 0 0
v -0.100889 -0.0234774 0.345578 0 0
v -0.0988525 -0.110043 0.378974 0 0
v -0.102519 -0.463593 0.318846 0 0
v -0.114439 0.375389 0.0994765 0 0
v -0.0981286 -0.0856282 0.370345 0 0
v -0.0985326 -0.265473 0.363636 0 0
v -0.111657 0.396923 0.121745 0 0
v -0.103073 0.0764734 0.266148 0 0
v -0.101122 0.0345772 0.298963 0 0
v -0.0973369 -0.0684499 0.362635 0 0
v -0.0962263 -0.147133 0.381316 0 0
v -0.0960361 -0.167908 0.384517 0 0
v -0.0979869 -0.28511 0.351701 0 0
v -0.111448 0.383876 0.100761 0 0
v -0.0961689 -0.0659983 0.361137 0 0
v -0.0956199 -0.244362 0.370492 0 0
v -0.0963547 -0.276469 0.35797 0 0
v -0.0986602 -0.326933 0.318681 0 0
v -0.0949728 -0.0660407 0.360083 0 0
v -0.0952913 -0.479015 0.332498 0 0
v -0.108141 0.383275 0.0818963 0 0
v -0.105721 0.438194 0.0989581 0 0
v -0.0886146 -0.177849 0.38427 0 0
v -0.0930878 -0.379512 0.302709 0 0
v -0.0932496 -0.412776 0.299758 0 0
v -0.0927337 -0.455887 0.309165 0 0
v -0.0926519 -0.458077 0.310656 0 0
v -0.102385 0.298442 0.106706 0 0
v -0.0914077 -0.344238 0.309702 0 0
v -0.0917824 0.0482022 0.278354 0 0
v -0.0877359 -0.0612258 0.354257 0 0
v -0.087189 -0.0821709 0.364517 0 0
v -0.0864733 -0.154905 0.377941 0 0
v -0.0861494 -0.198949 0.384016 0 0
v -0.0909194 0.0564098 0.269645 0 0
v -0.085084 -0.172031 0.380701 0 0
v -0.0876737 -0.303978 0.331416 0 0
v -0.0976399 0.313171 0.114212 0 0
v -0.0856204 -0.0336139 0.346353 0 0
v -0.0843475 -0.0955939 0.370937 0 0
v -0.0875583 -0.457249 0.308925 0 0
v -0.0855034 -0.522521 0.348612 0 0
v -0.0981508 0.459759 0.0758375 0 0
v -0.0967131 0.345404 0.104022 0 0
v -0.0845068 -0.0285926 0.343316 0 0
v -0.0876717 0.0689327 0.255031 0 0
v -0.0831835 -0.0311145 0.344361 0 0
v -0.0813851 -0.139784 0.380156 0 0
v -0.0813873 -0.175822 0.380111 0 0
v -0.0813841 -0.204392 0.380176 0 0
v -0.0850428 -0.36549 0.307354 0 0
v -0.0882475 0.0964566 0.216338 0 0
v -0.081219 -0.263804 0.358399 0 0
v -0.0941348 0.371351 0.0673813 0 0
v -0.0925545 0.346168 0.0998268 0 0
v -0.0847984 0.0647673 0.259062 0 0
v -0.0813441 -0.0134506 0.32998 0 0
v -0.0791024 -0.211148 0.376001 0 0
v -0.0807583 -0.550047 0.342007 0 0
v -0.0814014 -0.414822 0.302064 0 0
v -0.0812747 -0.453188 0.304708 0 0
v -0.0785772 -0.019804 0.334323 0 0
v -0.0770524 -0.0273823 0.339646 0 0
v -0.0752804 -0.133763 0.37783 0 0
v -0.0754857 -0.211485 0.373407 0 0
v -0.0776695 -0.485916 0.326349 0 0
v -0.0874616 0.352051 0.0836712 0 0
v -0.0771879 0.00972955 0.308773 0 0
v -0.0741274 -0.204941 0.375831 0 0
v -0.0738437 -0.0687946 0.354389 0 0
v -0.0754504 -0.330821 0.318583 0 0
v -0.0717366 -0.120393 0.373543 0 0
v -0.0717057 -0.175211 0.374244 0 0
v -0.0733345 -0.517168 0.337314 0 0
v -0.0718421 -0.0349674 0.342323 0 0
v -0.0713937 -0.0612849 0.352668 0 0
v -0.0704485 -0.20137 0.374479 0 0
v -0.0726753 -0.322215 0.323098 0 0
v -0.073628 -0.437207 0.301115 0 0
v -0.0738289 0.0565356 0.265786 0 0
v -0.0704737 -0.268562 0.344598 0 0
v -0.0721279 -0.460709 0.305742 0 0
v -0.0743323 0.092063 0.221922 0 0
v -0.0679675 -0.190185 0.374172 0 0
v -0.0704866 -0.474007 0.313913 0 0
v -0.06806 -0.0362563 0.341528 0 0
v -0.07064 0.0746766 0.245873 0 0
v -0.0657246 -0.14209 0.367932 0 0
v -0.0680815 -0.46879 0.309405 0 0
v -0.0673368 -0.49701 0.327897 0 0
v -0.0769682 0.455084 0.0516212 0 0
v -0.0686106 0.0592849 0.263185 0 0
v -0.0667251 0.00194343 0.310914 0 0
v -0.0697655 0.10154 0.198979 0 0
v -0.0638826 -0.0600876 0.350847 0 0
v -0.0632016 -0.180844 0.368427 0 0
v -0.06471 -0.510632 0.329489 0 0
v -0.0723297 0.330963 0.0950621 0 0
v -0.0631846 -0.0312732 0.335914 0 0
v -0.0621841 -0.151377 0.362266 0 0
v -0.0629286 -0.253621 0.342658 0 0
v -0.0597771 -0.112633 0.359368 0 0
v -0.0595558 -0.186191 0.365441 0 0
v -0.0603719 -0.243394 0.343044 0 0
v -0.0585788 -0.166918 0.357683 0 0
v -0.059305 -0.285047 0.337322 0 0
v -0.060145 -0.36281 0.313772 0 0
v -0.0572822 -0.117712 0.358739 0 0
v -0.0586979 -0.337352 0.318176 0 0
v -0.0589744 -0.377825 0.310252 0 0
v -0.0560787 -0.173277 0.357114 0 0
v -0.0573917 -0.334677 0.31865 0 0
v -0.0575095 -0.357334 0.315199 0 0
v -0.0666972 0.419349 0.00111544 0 0
v -0.0597936 0.0955323 0.208012 0 0
v -0.0567929 -0.443246 0.297943 0 0
v -0.0538318 -0.063965 0.348722 0 0
v -0.0537024 -0.0865558 0.352692 0 0
v -0.0535823 -0.117881 0.356378 0 0
v -0.0616766 0.320273 0.0624976 0 0
v -0.0523474 -0.133076 0.355564 0 0
v -0.0528025 -0.227115 0.341268 0 0
v -0.0528896 -0.246606 0.338531 0 0
v -0.0596313 0.337911 0.0804961 0 0
v -0.0512317 -0.17267 0.350876 0 0
v -0.0515601 -0.227247 0.340303 0 0
v -0.0525273 -0.379364 0.309171 0 0
v -0.0529148 -0.433117 0.296699 0 0
v -0.0511298 -0.0110026 0.312489 0 0
v -0.0510355 -0.355956 0.315603 0 0
v -0.0593218 0.473804 -0.00873709 0 0
v -0.059536 0.449226 -0.0159903 0 0
v -0.0578266 0.319173 0.0418929 0 0
v -0.0494733 -0.0263429 0.324751 0 0
v -0.050287 -0.457808 0.297196 0 0
v -0.0485991 -0.00971984 0.310469 0 0
v -0.0561958 0.410307 -0.00715423 0 0
v -0.0493217 0.0763474 0.238368 0 0
v -0.0474398 -0.00324931 0.305586 0 0
v -0.0473735 -0.488662 0.307951 0 0
v -0.0550032 0.477986 -0.019897 0 0
v -0.045598 -0.0314691 0.325492 0 0
v -0.0449385 -0.104435 0.34971 0 0
v -0.0462887 -0.406168 0.300127 0 0
v -0.0532636 0.49018 -0.0127115 0 0
v -0.0524032 0.377455 0.0198033 0 0
v -0.0440057 -0.264672 0.337127 0 0
v -0.0502154 0.410221 -0.0142961 0 0
v -0.0442408 0.0809946 0.225366 0 0
v -0.0490269 0.492604 -0.0290523 0 0
v -0.0473281 0.325286 0.0412577 0 0
v -0.0403449 0.033731 0.275517 0 0
v -0.0397487 -0.00195488 0.301001 0 0
v -0.0388033 -0.173661 0.341409 0 0
v -0.0430935 0.32736 0.028773 0 0
v -0.0396916 0.0953992 0.184386 0 0
v -0.0362466 -0.158341 0.341969 0 0
v -0.0370582 -0.525967 0.304845 0 0
v -0.0431307 0.455617 -0.0446687 0 0
v -0.0350364 -0.179004 0.33905 0 0
v -0.0353934 -0.299236 0.322124 0 0
v -0.0350659 0.0297729 0.274925 0 0
v -0.0401514 0.473157 -0.052722 0 0
v -0.0401469 0.471529 -0.052489 0 0
v -0.0384938 0.36154 0.0320237 0 0
v -0.0354239 0.0923798 0.188973 0 0
v -0.0385856 0.544137 -0.0531933 0 0
v -0.0382012 0.417095 -0.0327361 0 0
v -0.0312783 -0.215119 0.335639 0 0
v -0.0300129 -0.0938704 0.335014 0 0
v -0.0302485 -0.290257 0.321946 0 0
v -0.030664 -0.503021 0.298895 0 0
v -0.0297285 0.0191583 0.277498 0 0
v -0.0287885 -0.236066 0.331963 0 0
v -0.0341481 0.516986 -0.0706058 0 0
v -0.0274797 -0.0964987 0.333737 0 0
v -0.0280021 -0.528134 0.30206 0 0
v -0.0271924 0.0311718 0.270727 0 0
v -0.026231 -0.0902092 0.331865 0 0
v -0.0311327 0.524465 -0.0813775 0 0
v -0.031104 0.503246 -0.0794582 0 0
v -0.0251843 -0.304149 0.316301 0 0
v -0.0286755 0.392932 -0.0207338 0 0
v -0.0223219 -0.165182 0.337112 0 0
v -0.0227865 -0.547529 0.302497 0 0
v -0.025594 0.391666 -0.0221994 0 0
v -0.0211466 -0.0877905 0.329192 0 0
v -0.0211374 -0.0903146 0.329916 0 0
v -0.0212594 -0.275084 0.32028 0 0
v -0.0247748 0.478712 -0.0837586 0 0
v -0.023858 0.37788 -0.00665355 0 0
v -0.0199257 -0.26289 0.324089 0 0
v -0.0226474 0.402186 -0.0361958 0 0
v -0.0188593 -0.54692 0.304385 0 0
v -0.0204917 0.34684 0.0211538 0 0
v -0.0195009 0.397039 -0.0338314 0 0
v -0.0149509 -0.345171 0.30512 0 0
v -0.0152482 -0.427614 0.271412 0 0
v -0.0149176 -0.531198 0.30889 0 0
v -0.0137708 -0.0111478 0.290218 0 0
v -0.0137217 -0.0202559 0.296318 0 0
v -0.0134002 -0.176755 0.336238 0 0
v -0.013617 -0.314488 0.309319 0 0
v -0.0136972 -0.360693 0.299363 0 0
v -0.0127547 0.0463198 0.249682 0 0
v -0.012673 0.035351 0.260897 0 0
v -0.0121257 -0.195926 0.336005 0 0
v -0.0133747 0.408322 -0.0513268 0 0
v -0.0110941 -0.0254513 0.298452 0 0
v -0.0110724 -0.0319145 0.301793 0 0
v -0.0110007 -0.289255 0.312777 0 0
v -0.0110336 -0.316079 0.307741 0 0
v -0.0111034 -0.361187 0.297034 0 0
v -0.0110859 -0.488432 0.299713 0 0
v -0.00961676 -0.0955262 0.328387 0 0
v -0.00961133 -0.0980354 0.32933 0 0
v -0.00963818 -0.240954 0.324663 0 0
v -0.00864175 -0.416801 0.266751 0 0
v -0.00844498 -0.496958 0.306217 0 0
v -0.00705373 -0.0955466 0.328031 0 0
v -0.00701393 -0.147293 0.337466 0 0
v -0.00714838 -0.31518 0.305596 0 0
v -0.00620408 0.0682451 0.202636 0 0
v -0.00594041 0.000660039 0.279023 0 0
v -0.00582314 -0.0640549 0.312995 0 0
v -0.00451029 -0.0792525 0.320009 0 0
v -0.00457802 -0.475461 0.294783 0 0
v -0.00453104 -0.540489 0.312282 0 0
v -0.00392716 0.396643 -0.0478938 0 0
v -0.00326902 -0.340631 0.295307 0 0
v -0.00332938 -0.406849 0.263833 0 0
v -0.00233114 0.361322 -0.0260065 0 0
v -0.0019153 -0.158968 0.335398 0 0
v -0.00192372 -0.221225 0.328086 0 0
v -0.00197343 -0.361133 0.28488 0 0
v -0.00199628 -0.399917 0.265019 0 0
v -0.000664804 0.0179513 0.266466 0 0
v -0.0006628 0.00994288 0.27169 0 0
v -0.000638132 -0.15508 0.336016 0 0
v -0.000658443 -0.360201 0.283052 0 0
v -0.000665199 -0.39583 0.265435 0 0
v 0.000696701 0.0773287 0.183574 0 0
v 0.00191395 -0.143544 0.336576 0 0
v 0.00197501 -0.350889 0.283507 0 0
v 0.00198316 -0.452817 0.27642 0 0
v 0.00332481 0.016624 0.266217 0 0
v 0.005067 0.107855 0.112647 0 0
v 0.00462734 0.000661041 0.276411 0 0
v 0.00446909 -0.135988 0.335355 0 0
v 0.00457984 -0.469107 0.294105 0 0
v 0.00451748 -0.519511 0.317332 0 0
v 0.00715344 -0.255571 0.304419 0 0
v 0.0083878 -0.214856 0.317706 0 0
v 0.00863621 -0.364712 0.267884 0 0
v 0.00976772 -0.266332 0.302147 0 0
v 0.00991491 -0.341733 0.276561 0 0
v 0.00991583 -0.448855 0.276402 0 0
v 0.00969449 -0.500881 0.314875 0 0
v 0.011087 -0.273262 0.299547 0 0
v 0.0131416 0.069858 0.196591 0 0
v 0.0125922 0.00463922 0.271986 0 0
v 0.0123319 -0.484838 0.307708 0 0
v 0.0122548 -0.505027 0.318287 0 0
v 0.0134554 -0.115972 0.329389 0 0
v 0.0157732 0.0596637 0.211904 0 0
v 0.0152464 -0.443469 0.271632 0 0
v 0.0175288 0.084839 0.171858 0 0
v 0.0174528 0.0802827 0.179782 0 0
v 0.0161467 -0.0794416 0.315999 0 0
v 0.0168342 -0.420854 0.244297 0 0
v 0.0160983 -0.504198 0.321047 0 0
v 0.0189827 0.0878827 0.166873 0 0
v 0.0175049 -0.0654813 0.309578 0 0
v 0.0173225 -0.525449 0.327192 0 0
v 0.0209549 0.110555 0.115975 0 0
v 0.0185828 -0.115982 0.32925 0 0
v 0.0194131 -0.371526 0.254598 0 0
v 0.0194531 -0.378999 0.251002 0 0
v 0.0186986 -0.497126 0.31883 0 0
v 0.0204374 -0.0138447 0.281048 0 0
v 0.0198685 -0.114725 0.328894 0 0
v 0.0203742 -0.284581 0.286368 0 0
v 0.0253512 0.0596094 0.213532 0 0
v 0.02442 -0.29634 0.279148 0 0
v 0.0249168 -0.39126 0.244144 0 0
v 0.024932 -0.39689 0.243071 0 0
v 0.0240332 -0.478714 0.306411 0 0
v 0.0268044 0.063918 0.207991 0 0
v 0.0260352 0.015354 0.259416 0 0
v 0.0254624 -0.468116 0.297708 0 0
v 0.0250158 -0.506088 0.327567 0 0
v 0.0269809 -0.450779 0.284177 0 0
v 0.0288953 -0.375639 0.247904 0 0
v 0.0288523 -0.11605 0.32827 0 0
v 0.0289717 -0.492517 0.321353 0 0
v 0.0313543 0.0113408 0.260607 0 0
v 0.0304769 -0.0680865 0.309282 0 0
v 0.0308927 -0.270147 0.286212 0 0
v 0.0327244 -0.140522 0.326981 0 0
v 0.0339149 -0.319864 0.266116 0 0
v 0.0341862 -0.357279 0.252251 0 0
v 0.0342449 -0.368636 0.249249 0 0
v 0.0343601 -0.407605 0.243356 0 0
v 0.0343051 -0.424441 0.24617 0 0
v 0.0347357 -0.258879 0.291167 0 0
v 0.0349569 -0.446525 0.280286 0 0
v 0.0338532 -0.523128 0.334582 0 0
v 0.0361466 -0.0295745 0.28642 0 0
v 0.0359886 -0.253229 0.293908 0 0
v 0.0352614 -0.500712 0.328386 0 0
v 0.0351724 -0.510959 0.332605 0 0
v 0.0372443 -0.248948 0.296338 0 0
v 0.0373488 -0.260131 0.291557 0 0
v 0.0366529 -0.49192 0.32339 0 0
v 0.0365734 -0.497269 0.327026 0 0
v 0.0364174 -0.515593 0.334162 0 0
v 0.0393815 0.00867726 0.25964 0 0
v 0.0378722 -0.135441 0.326339 0 0
v 0.0404591 -0.00729591 0.27064 0 0
v 0.0392408 -0.146027 0.322714 0 0
v 0.0419952 0.00466612 0.261966 0 0
v 0.0426279 -0.269539 0.290065 0 0
v 0.0470445 0.0919825 0.169232 0 0
v 0.0468128 0.0845425 0.178248 0 0
v 0.0430217 -0.125212 0.325782 0 0
v 0.0479763 0.0785698 0.187089 0 0
v 0.0500182 0.096514 0.16317 0 0
v 0.0475886 0.0140755 0.252394 0 0
v 0.0465637 -0.0400054 0.290032 0 0
v 0.0459163 -0.47533 0.313806 0 0
v 0.0472314 -0.207689 0.313031 0 0
v 0.0500951 0.00601138 0.258462 0 0
v 0.0480352 -0.501487 0.330074 0 0
v 0.0516028 0.0140735 0.252641 0 0
v 0.0515838 -0.425399 0.253287 0 0
v 0.0500655 -0.464894 0.304696 0 0
v 0.0510639 -0.17129 0.314664 0 0
v 0.0510274 -0.216382 0.315869 0 0
v 0.0528732 -0.39153 0.254948 0 0
v 0.0505236 -0.550644 0.332495 0 0
v 0.0533366 -0.0296314 0.283123 0 0
v 0.0525062 -0.0888066 0.309855 0 0
v 0.0523055 -0.198244 0.316315 0 0
v 0.0534095 -0.130628 0.322203 0 0
v 0.0548516 -0.227795 0.317446 0 0
v 0.0568799 -0.415558 0.255225 0 0
v 0.0548895 -0.474632 0.316281 0 0
v 0.0578035 -0.343499 0.267655 0 0
v 0.0565852 -0.461137 0.304168 0 0
v 0.0612585 0.069518 0.205367 0 0
v 0.0573491 -0.196534 0.319896 0 0
v 0.0592014 -0.437026 0.26563 0 0
v 0.0582533 -0.452281 0.293408 0 0
v 0.0584899 -0.486559 0.324135 0 0
v 0.0631316 0.0495549 0.230042 0 0
v 0.0601108 -0.153186 0.314733 0 0
v 0.0592421 -0.535726 0.339088 0 0
v 0.0631701 -0.00332474 0.266249 0 0
v 0.061585 -0.0952946 0.309752 0 0
v 0.0605049 -0.530532 0.339396 0 0
v 0.0649817 0.0180876 0.2533 0 0
v 0.0624293 -0.236202 0.321906 0 0
v 0.064182 -0.0965971 0.309648 0 0
v 0.0653623 -0.329452 0.278561 0 0
v 0.0658165 -0.367642 0.266599 0 0
v 0.0661637 -0.0491315 0.291961 0 0
v 0.067335 -0.415343 0.261724 0 0
v 0.0643547 -0.520573 0.33866 0 0
v 0.0726272 0.102242 0.161509 0 0
v 0.0671104 -0.282124 0.301162 0 0
v 0.0669566 -0.459596 0.305054 0 0
v 0.0663245 -0.481014 0.321055 0 0
v 0.0695531 -0.443152 0.272865 0 0
v 0.0669695 -0.549149 0.337022 0 0
v 0.0686136 -0.190451 0.328041 0 0
v 0.0688271 -0.490795 0.322839 0 0
v 0.0769142 0.103728 0.160165 0 0
v 0.0719691 -0.340037 0.278452 0 0
v 0.0700894 -0.491912 0.323416 0 0
v 0.0693586 -0.531325 0.340897 0 0
v 0.0714795 -0.254364 0.320971 0 0
v 0.072634 -0.452163 0.293853 0 0
v 0.0726542 -0.166526 0.323584 0 0
v 0.0750706 -0.43913 0.267828 0 0
v 0.0745024 -0.143174 0.310835 0 0
v 0.0738298 -0.249738 0.326084 0 0
v 0.0764894 -0.434327 0.265786 0 0
v 0.0752699 -0.257976 0.322608 0 0
v 0.0758857 -0.462448 0.308885 0 0
v 0.0751415 -0.495163 0.32547 0 0
v 0.0751059 -0.496212 0.326264 0 0
v 0.0774066 -0.0839113 0.303983 0 0
v 0.0803159 -0.441406 0.269325 0 0
v 0.0797993 -0.10575 0.308416 0 0
v 0.0899752 0.121646 0.123224 0 0
v 0.0829678 -0.441389 0.269391 0 0
v 0.0808907 -0.467872 0.312716 0 0
v 0.0836862 -0.0322884 0.281894 0 0
v 0.0819915 -0.147843 0.316689 0 0
v 0.0843047 -0.437455 0.269198 0 0
v 0.0842447 -0.44245 0.27043 0 0
v 0.0862111 0.0126977 0.257501 0 0
v 0.0860917 0.00867589 0.259914 0 0
v 0.0830388 -0.486002 0.321619 0 0
v 0.0866643 -0.0178621 0.275083 0 0
v 0.0862199 -0.349487 0.283929 0 0
v 0.0902046 0.0495108 0.231616 0 0
v 0.0865205 -0.0917247 0.303841 0 0
v 0.0864796 -0.0955827 0.304642 0 0
v 0.0918441 0.022123 0.252046 0 0
v 0.0912997 0.00333206 0.262406 0 0
v 0.0895519 -0.0686347 0.295669 0 0
v 0.0903424 -0.37258 0.280626 0 0
v 0.0905316 -0.403758 0.277025 0 0
v 0.101441 0.129173 0.0971774 0 0
v 0.0905266 -0.0892241 0.30191 0 0
v 0.0924836 -0.346977 0.289809 0 0
v 0.0900727 -0.542352 0.334391 0 0
v 0.0984622 0.0750516 0.204718 0 0
v 0.0943446 -0.0323279 0.279795 0 0
v 0.0920033 -0.484465 0.322484 0 0
v 0.100639 0.0867579 0.190335 0 0
v 0.0926206 -0.529534 0.334522 0 0
v 0.0936553 -0.175206 0.338828 0 0
v 0.0971025 -0.422098 0.277686 0 0
v 0.0939322 -0.536117 0.333917 0 0
v 0.0950823 -0.169106 0.336156 0 0
v 0.103897 0.0749982 0.205994 0 0
v 0.104844 0.0678402 0.213301 0 0
v 0.0967756 -0.239725 0.350799 0 0
v 0.0975727 -0.267209 0.337215 0 0
v 0.106953 0.0793525 0.200872 0 0
v 0.103118 -0.00465698 0.265389 0 0
v 0.10274 -0.0178966 0.271755 0 0
v 0.101013 -0.117958 0.300791 0 0
v 0.1019 -0.388535 0.285877 0 0
v 0.0992783 -0.243453 0.351253 0 0
v 0.0993862 -0.248782 0.349461 0 0
v 0.103135 -0.381666 0.287198 0 0
v 0.10359 -0.425577 0.279645 0 0
v 0.108772 0.0649894 0.216316 0 0
v 0.105038 -0.0336914 0.277543 0 0
v 0.104599 -0.408528 0.284742 0 0
v 0.10448 -0.456689 0.286693 0 0
v 0.10202 -0.495986 0.327027 0 0
v 0.10685 -0.0152643 0.269598 0 0
v 0.104733 -0.492824 0.324686 0 0
v 0.10824 -0.0806882 0.289573 0 0
v 0.105714 -0.149281 0.329495 0 0
v 0.106403 -0.30889 0.318615 0 0
v 0.106437 -0.310279 0.318074 0 0
v 0.105892 -0.538443 0.326687 0 0
v 0.113962 0.0607343 0.220724 0 0
v 0.111237 -0.00466265 0.263277 0 0
v 0.105256 -0.235094 0.356646 0 0
v 0.105278 -0.237663 0.356314 0 0
v 0.109281 -0.367104 0.293817 0 0
v 0.109448 -0.382086 0.291195 0 0
v 0.110461 -0.44515 0.275393 0 0
v 0.111418 -0.0481274 0.281027 0 0
v 0.110912 -0.0859734 0.288833 0 0
v 0.110703 -0.461809 0.292059 0 0
v 0.114568 0.0127298 0.253104 0 0
v 0.112556 -0.0598982 0.283786 0 0
v 0.112212 -0.0899009 0.289029 0 0
v 0.108143 -0.186563 0.351068 0 0
v 0.109649 -0.293039 0.32811 0 0
v 0.119146 0.0778234 0.204311 0 0
v 0.113605 -0.0886509 0.287822 0 0
v 0.112241 -0.127812 0.308375 0 0
v 0.111759 -0.133723 0.31564 0 0
v 0.11114 -0.522296 0.32496 0 0
v 0.113227 -0.331916 0.31302 0 0
v 0.118597 -0.0298149 0.272491 0 0
v 0.117323 -0.106836 0.291054 0 0
v 0.112588 -0.230836 0.360024 0 0
v 0.114395 -0.286947 0.333692 0 0
v 0.116899 -0.376818 0.297233 0 0
v 0.119604 -0.0482381 0.277076 0 0
v 0.117158 -0.338528 0.312314 0 0
v 0.116604 -0.501847 0.320293 0 0
v 0.120671 -0.0613244 0.280707 0 0
v 0.120339 -0.0953506 0.285432 0 0
v 0.120524 -0.46168 0.282793 0 0
v 0.126384 0.0635334 0.218776 0 0
v 0.117821 -0.15476 0.339452 0 0
v 0.118799 -0.311445 0.325679 0 0
v 0.119504 -0.335257 0.315737 0 0
v 0.124463 -0.0139772 0.2646 0 0
v 0.123271 -0.438371 0.281224 0 0
v 0.124995 -0.456993 0.275627 0 0
v 0.130498 0.0635409 0.218565 0 0
v 0.12096 -0.171623 0.348773 0 0
v 0.120098 -0.23831 0.360536 0 0
v 0.120992 -0.264155 0.348333 0 0
v 0.12348 -0.511374 0.314374 0 0
v 0.128263 -0.0206019 0.267217 0 0
v 0.131858 0.0412479 0.236922 0 0
v 0.129266 -0.0364597 0.271579 0 0
v 0.122833 -0.248816 0.357596 0 0
v 0.124816 -0.30276 0.331076 0 0
v 0.126287 -0.49932 0.311411 0 0
v 0.127678 -0.35322 0.310152 0 0
v 0.13665 0.0721017 0.209575 0 0
v 0.131129 -0.0981821 0.281912 0 0
v 0.129109 -0.51968 0.308378 0 0
v 0.126435 -0.242177 0.359894 0 0
v 0.136699 0.0262623 0.244227 0 0
v 0.131003 -0.299709 0.333801 0 0
v 0.139026 0.0141041 0.248842 0 0
v 0.136943 -0.0760796 0.275078 0 0
v 0.13373 -0.346922 0.315554 0 0
v 0.14533 0.0897015 0.186951 0 0
v 0.14477 0.0692973 0.211065 0 0
v 0.142609 0.0371729 0.237768 0 0
v 0.134596 -0.292793 0.336788 0 0
v 0.143609 0.0289915 0.242071 0 0
v 0.151244 0.0926977 0.182741 0 0
v 0.147214 0.045453 0.231163 0 0
v 0.145035 -0.0060153 0.257341 0 0
v 0.152377 0.076533 0.202267 0 0
v 0.147224 -0.019319 0.263052 0 0
v 0.146422 -0.0655918 0.272517 0 0
v 0.144727 -0.520624 0.292518 0 0
v 0.145031 -0.537466 0.288934 0 0
v 0.146204 -0.109489 0.29056 0 0
v 0.146491 -0.539324 0.287203 0 0
v 0.141564 -0.196931 0.359523 0 0
v 0.146655 -0.400855 0.300535 0 0
v 0.147492 -0.514582 0.290832 0 0
v 0.163717 0.126214 0.119524 0 0
v 0.14354 -0.171363 0.351278 0 0
v 0.157776 0.0750987 0.20359 0 0
v 0.151787 -0.0934587 0.271777 0 0
v 0.143726 -0.227828 0.363558 0 0
v 0.15079 -0.54324 0.283132 0 0
v 0.158528 0.0483068 0.226019 0 0
v 0.156181 0.000670294 0.252285 0 0
v 0.16513 0.103294 0.167864 0 0
v 0.149439 -0.281708 0.341961 0 0
v 0.168908 0.117594 0.14176 0 0
v 0.167485 0.109537 0.157414 0 0
v 0.156953 -0.484103 0.27329 0 0
v 0.151177 -0.259975 0.350742 0 0
v 0.164602 0.0553226 0.219193 0 0
v 0.159092 -0.101 0.278806 0 0
v 0.15225 -0.174992 0.352827 0 0
v 0.171705 0.0988179 0.172674 0 0
v 0.162904 -0.0618372 0.266332 0 0
v 0.154619 -0.18365 0.354505 0 0
v 0.153851 -0.221672 0.362676 0 0
v 0.165714 -0.000670951 0.250708 0 0
v 0.155999 -0.178736 0.353261 0 0
v 0.162872 -0.446415 0.28071 0 0
v 0.165651 -0.0738443 0.265423 0 0
v 0.165492 -0.087066 0.267086 0 0
v 0.156493 -0.213057 0.361319 0 0
v 0.156454 -0.216773 0.361727 0 0
v 0.157442 -0.257345 0.351379 0 0
v 0.158144 -0.271194 0.344034 0 0
v 0.160622 -0.346402 0.318078 0 0
v 0.169167 0.0155013 0.242716 0 0
v 0.163468 -0.391412 0.301918 0 0
v 0.166538 -0.494306 0.270027 0 0
v 0.163477 -0.350861 0.315252 0 0
v 0.169881 -0.0499651 0.26298 0 0
v 0.169767 -0.0818875 0.264152 0 0
v 0.161046 -0.182519 0.353321 0 0
v 0.169623 -0.490245 0.265617 0 0
v 0.176965 0.0695465 0.204633 0 0
v 0.171228 -0.0779522 0.262831 0 0
v 0.164971 -0.131592 0.326315 0 0
v 0.164291 -0.299816 0.333211 0 0
v 0.162948 -0.224604 0.359606 0 0
v 0.186554 0.117936 0.136357 0 0
v 0.174402 -0.0233873 0.257748 0 0
v 0.164584 -0.204941 0.355833 0 0
v 0.166131 -0.278158 0.340376 0 0
v 0.174389 -0.467042 0.257881 0 0
v 0.170016 -0.363952 0.314477 0 0
v 0.184777 0.0871587 0.181973 0 0
v 0.181548 0.0554921 0.213736 0 0
v 0.170083 -0.308717 0.326544 0 0
v 0.176559 -0.516353 0.262822 0 0
v 0.180806 0.0223468 0.234363 0 0
v 0.169037 -0.250073 0.349294 0 0
v 0.176757 -0.452152 0.27391 0 0
v 0.171629 -0.144832 0.336447 0 0
v 0.180608 -0.471998 0.249412 0 0
v 0.181679 -0.487382 0.252028 0 0
v 0.180907 -0.512013 0.259455 0 0
v 0.180572 -0.423523 0.287948 0 0
v 0.195248 0.0993864 0.162162 0 0
v 0.18568 -0.0194394 0.252229 0 0
v 0.175467 -0.169132 0.348363 0 0
v 0.185656 -0.546243 0.252457 0 0
v 0.186425 -0.0367505 0.257795 0 0
v 0.180851 -0.119919 0.309883 0 0
v 0.177691 -0.277045 0.33942 0 0
v 0.180428 -0.344689 0.313835 0 0
v 0.184535 -0.447779 0.275455 0 0
v 0.186226 -0.463897 0.259652 0 0
v 0.181522 -0.326223 0.315687 0 0
v 0.184359 -0.419237 0.289362 0 0
v 0.194105 0.052813 0.211661 0 0
v 0.179111 -0.191769 0.349808 0 0
v 0.184352 -0.395413 0.301517 0 0
v 0.180758 -0.166805 0.346318 0 0
v 0.187376 -0.42669 0.285776 0 0
v 0.192011 -0.06891 0.255607 0 0
v 0.193568 -0.486281 0.241463 0 0
v 0.196256 0.0224098 0.229382 0 0
v 0.188475 -0.398472 0.299581 0 0
v 0.196747 0.00338049 0.237154 0 0
v 0.185995 -0.146368 0.333487 0 0
v 0.184507 -0.22255 0.346824 0 0
v 0.188145 -0.332972 0.314223 0 0
v 0.201893 0.0613258 0.203396 0 0
v 0.185937 -0.237973 0.345386 0 0
v 0.18865 -0.313559 0.321236 0 0
v 0.205607 0.0671512 0.194983 0 0
v 0.188417 -0.22775 0.345893 0 0
v 0.19309 -0.390731 0.304873 0 0
v 0.197365 -0.455201 0.267345 0 0
v 0.206309 0.0614096 0.200941 0 0
v 0.1945 -0.115139 0.303915 0 0
v 0.191002 -0.218923 0.345484 0 0
v 0.19139 -0.251159 0.342124 0 0
v 0.194581 -0.357486 0.314483 0 0
v 0.203411 -0.523733 0.237992 0 0
v 0.193821 -0.145206 0.332148 0 0
v 0.195952 -0.333053 0.313812 0 0
v 0.206659 0.00745324 0.233333 0 0
v 0.195551 -0.140412 0.328295 0 0
v 0.197093 -0.326334 0.315116 0 0
v 0.197633 -0.380362 0.310499 0 0
v 0.20866 0.0183512 0.227848 0 0
v 0.196825 -0.292994 0.328366 0 0
v 0.228124 0.130673 0.07508 0 0
v 0.209892 -0.485673 0.228922 0 0
v 0.211018 0.0101777 0.230871 0 0
v 0.201947 -0.118831 0.306924 0 0
v 0.198022 -0.259147 0.339834 0 0
v 0.207087 -0.0999048 0.274922 0 0
v 0.199382 -0.172628 0.339108 0 0
v 0.212473 -0.519302 0.230061 0 0
v 0.212623 -0.0182249 0.240054 0 0
v 0.200443 -0.252621 0.340875 0 0
v 0.200625 -0.25922 0.339369 0 0
v 0.203558 -0.301163 0.325721 0 0
v 0.219105 0.0432716 0.20914 0 0
v 0.205267 -0.152831 0.332703 0 0
v 0.205368 -0.275743 0.331883 0 0
v 0.205841 -0.259372 0.338394 0 0
v 0.219341 -0.0303703 0.240312 0 0
v 0.228872 0.0734911 0.175074 0 0
v 0.225917 0.0504341 0.198639 0 0
v 0.208658 -0.170372 0.336258 0 0
v 0.209769 -0.289314 0.327397 0 0
v 0.209955 -0.301128 0.325916 0 0
v 0.224737 -0.519832 0.218942 0 0
v 0.223058 -0.0491942 0.242927 0 0
v 0.226199 -0.507752 0.218185 0 0
v 0.226195 -0.513209 0.21822 0 0
v 0.212442 -0.184371 0.336607 0 0
v 0.212339 -0.213614 0.337413 0 0
v 0.212205 -0.227499 0.33846 0 0
v 0.227383 -0.00339378 0.230248 0 0
v 0.218595 -0.116802 0.298645 0 0
v 0.213778 -0.183148 0.336133 0 0
v 0.227203 -0.0600031 0.242144 0 0
v 0.227184 -0.0613463 0.242293 0 0
v 0.230905 -0.524161 0.2135 0 0
v 0.228947 -0.0817187 0.239097 0 0
v 0.216814 -0.165648 0.332421 0 0
v 0.217787 -0.183299 0.334759 0 0
v 0.21784 -0.198675 0.334353 0 0
v 0.222109 -0.382341 0.30171 0 0
v 0.235005 0.00204349 0.223943 0 0
v 0.233532 -0.0507679 0.23507 0 0
v 0.221204 -0.275062 0.328243 0 0
v 0.246212 0.0901121 0.14997 0 0
v 0.234975 -0.0562045 0.234401 0 0
v 0.228647 -0.407874 0.281955 0 0
v 0.235899 -0.0885464 0.237621 0 0
v 0.224161 -0.301236 0.325313 0 0
v 0.226291 -0.326144 0.309398 0 0
v 0.224577 -0.182349 0.331766 0 0
v 0.258237 0.116317 0.0925912 0 0
v 0.252425 0.0979666 0.135523 0 0
v 0.239206 -0.0684412 0.233165 0 0
v 0.232342 -0.109918 0.283857 0 0
v 0.226101 -0.242754 0.329962 0 0
v 0.226405 -0.277715 0.327715 0 0
v 0.227565 -0.239103 0.328618 0 0
v 0.228726 -0.181315 0.329502 0 0
v 0.248778 0.0367275 0.193175 0 0
v 0.230762 -0.216621 0.324018 0 0
v 0.230758 -0.225616 0.324045 0 0
v 0.234502 -0.130568 0.306288 0 0
v 0.249936 0.0213444 0.204766 0 0
v 0.239579 -0.427018 0.279157 0 0
v 0.24928 -0.0102444 0.219284 0 0
v 0.248051 -0.0754348 0.228064 0 0
v 0.234439 -0.20104 0.325299 0 0
v 0.23477 -0.30295 0.322935 0 0
v 0.249471 -0.0768126 0.227633 0 0
v 0.237676 -0.157807 0.320582 0 0
v 0.258532 0.0270314 0.192807 0 0
v 0.254717 -0.0266327 0.219471 0 0
v 0.24008 -0.243942 0.321789 0 0
v 0.260862 0.034086 0.18624 0 0
v 0.260729 0.032678 0.18717 0 0
v 0.242281 -0.150538 0.315433 0 0
v 0.259735 -0.504925 0.194078 0 0
v 0.264115 0.0369343 0.183006 0 0
v 0.245838 -0.142054 0.308746 0 0
v 0.244055 -0.195115 0.321012 0 0
v 0.260212 -0.0730779 0.219255 0 0
v 0.24546 -0.217113 0.32021 0 0
v 0.264459 0.0103574 0.19964 0 0
v 0.252663 -0.112808 0.279945 0 0
v 0.246196 -0.286051 0.323969 0 0
v 0.274784 0.075974 0.148684 0 0
v 0.248846 -0.278424 0.323443 0 0
v 0.252393 -0.339785 0.299542 0 0
v 0.251677 -0.161099 0.313084 0 0
v 0.257426 -0.416249 0.274551 0 0
v 0.261752 -0.442502 0.254526 0 0
v 0.254131 -0.181707 0.313975 0 0
v 0.260234 -0.403264 0.273481 0 0
v 0.260292 -0.407328 0.273096 0 0
v 0.274871 0.0187886 0.185609 0 0
v 0.255475 -0.185623 0.31364 0 0
v 0.257998 -0.338989 0.296986 0 0
v 0.273853 -0.0296617 0.201437 0 0
v 0.25966 -0.359077 0.294647 0 0
v 0.276679 -0.519209 0.182874 0 0
v 0.260841 -0.335367 0.29548 0 0
v 0.264841 -0.406886 0.269342 0 0
v 0.279189 0.0132284 0.184679 0 0
v 0.270917 -0.100665 0.238465 0 0
v 0.25944 -0.199918 0.313088 0 0
v 0.261019 -0.192364 0.311246 0 0
v 0.260652 -0.205029 0.313618 0 0
v 0.283498 -0.0395096 0.192714 0 0
v 0.264704 -0.212928 0.312531 0 0
v 0.268393 -0.368138 0.289009 0 0
v 0.294482 0.0752326 0.131831 0 0
v 0.277523 -0.409932 0.256384 0 0
v 0.270307 -0.209374 0.30987 0 0
v 0.292527 -0.526828 0.170937 0 0
v 0.298029 0.0576142 0.145425 0 0
v 0.291563 -0.0368803 0.185665 0 0
v 0.280138 -0.404496 0.256756 0 0
v 0.288162 -0.0732382 0.215348 0 0
v 0.284567 -0.103418 0.237608 0 0
v 0.274554 -0.166297 0.299625 0 0
v 0.281125 -0.399986 0.258926 0 0
v 0.275022 -0.194401 0.304779 0 0
v 0.29758 -0.536769 0.165733 0 0
v 0.301692 0.0475608 0.14914 0 0
v 0.277079 -0.284902 0.300138 0 0
v 0.279469 -0.355748 0.285474 0 0
v 0.317667 0.0866363 0.0693045 0 0
v 0.302716 -0.0272654 0.177166 0 0
v 0.298189 -0.0706056 0.212685 0 0
v 0.288058 -0.131778 0.273405 0 0
v 0.285845 -0.205105 0.302283 0 0
v 0.317069 0.0553613 0.125373 0 0
v 0.313611 0.0191139 0.154193 0 0
v 0.288773 -0.22098 0.30038 0 0
v 0.302426 -0.448518 0.220024 0 0
v 0.312267 -0.494129 0.162102 0 0
v 0.313524 -0.000704594 0.162996 0 0
v 0.290267 -0.201556 0.299263 0 0
v 0.294561 -0.340896 0.274104 0 0
v 0.30972 -0.0519664 0.193406 0 0
v 0.303561 -0.435309 0.229326 0 0
v 0.296586 -0.151266 0.277719 0 0
v 0.297618 -0.325458 0.271724 0 0
v 0.303461 -0.414301 0.2378 0 0
v 0.304426 -0.427824 0.232191 0 0
v 0.301374 -0.139045 0.265368 0 0
v 0.298142 -0.19068 0.291513 0 0
v 0.325802 0.0292295 0.141182 0 0
v 0.301417 -0.263163 0.280307 0 0
v 0.301282 -0.268319 0.281075 0 0
v 0.3276 0.0306902 0.139065 0 0
v 0.317635 -0.0574373 0.195671 0 0
v 0.309121 -0.125938 0.244037 0 0
v 0.306472 -0.138213 0.259087 0 0
v 0.303568 -0.17977 0.283064 0 0
v 0.303239 -0.233514 0.28492 0 0
v 0.312396 -0.415398 0.233135 0 0
v 0.328613 0.0063877 0.149438 0 0
v 0.322197 -0.0494082 0.185571 0 0
v 0.303884 -0.193619 0.288701 0 0
v 0.303351 -0.205073 0.291702 0 0
v 0.306871 -0.273874 0.279314 0 0
v 0.310062 -0.343402 0.261416 0 0
v 0.317554 -0.102678 0.227035 0 0
v 0.331603 -0.486399 0.148597 0 0
v 0.313034 -0.335727 0.259726 0 0
v 0.334109 -0.515054 0.142563 0 0
v 0.320278 -0.109479 0.22701 0 0
v 0.317927 -0.130276 0.240029 0 0
v 0.317477 -0.132787 0.24252 0 0
v 0.316921 -0.144055 0.253017 0 0
v 0.31525 -0.321915 0.262225 0 0
v 0.32552 -0.0921284 0.220659 0 0
v 0.316299 -0.174395 0.271067 0 0
v 0.322508 -0.139372 0.244485 0 0
v 0.338299 -0.0400895 0.166189 0 0
v 0.328682 -0.403849 0.218317 0 0
v 0.329124 -0.409866 0.21592 0 0
v 0.344771 -0.506764 0.131102 0 0
v 0.321589 -0.301614 0.263987 0 0
v 0.323737 -0.163537 0.259595 0 0
v 0.350571 -0.470067 0.123078 0 0
v 0.349072 -0.00785233 0.138749 0 0
v 0.330641 -0.345516 0.237023 0 0
v 0.342516 -0.430772 0.173703 0 0
v 0.327685 -0.168848 0.259902 0 0
v 0.327522 -0.24214 0.260762 0 0
v 0.32889 -0.308795 0.2535 0 0
v 0.337255 -0.114243 0.216344 0 0
v 0.355947 -0.48302 0.117486 0 0
v 0.345394 -0.0593102 0.180678 0 0
v 0.334887 -0.341652 0.236027 0 0
v 0.342416 -0.393605 0.196367 0 0
v 0.342772 -0.398169 0.194492 0 0
v 0.358029 -0.491115 0.114126 0 0
v 0.362255 0.0269686 0.0995477 0 0
v 0.332707 -0.165349 0.25456 0 0
v 0.344941 -0.403241 0.190375 0 0
v 0.34605 -0.412892 0.184562 0 0
v 0.340978 -0.358744 0.218339 0 0
v 0.365306 0.0226037 0.0988432 0 0
v 0.334288 -0.210181 0.260269 0 0
v 0.345453 -0.371655 0.202162 0 0
v 0.341195 -0.152017 0.238389 0 0
v 0.341443 -0.310342 0.237105 0 0
v 0.342148 -0.325887 0.233467 0 0
v 0.34675 -0.359109 0.209707 0 0
v 0.375274 0.031828 0.0700772 0 0
v 0.349584 -0.0903264 0.202195 0 0
v 0.348591 -0.116197 0.2073 0 0
v 0.342847 -0.306331 0.236841 0 0
v 0.368395 0.00217126 0.112899 0 0
v 0.35455 -0.0703528 0.183819 0 0
v 0.343168 -0.26661 0.249003 0 0
v 0.353411 -0.117804 0.20377 0 0
v 0.344907 -0.248091 0.24699 0 0
v 0.352796 -0.347295 0.206894 0 0
v 0.368884 -0.0250698 0.132406 0 0
v 0.350382 -0.296164 0.232943 0 0
v 0.370993 -0.0335967 0.136205 0 0
v 0.349709 -0.244594 0.243132 0 0
v 0.369039 -0.0628001 0.160203 0 0
v 0.361725 -0.161915 0.203536 0 0
v 0.379287 -0.0351325 0.130558 0 0
v 0.371928 -0.0738233 0.166828 0 0
v 0.366574 -0.107408 0.193218 0 0
v 0.363485 -0.308515 0.208447 0 0
v 0.3596 -0.240411 0.234267 0 0
v 0.35941 -0.242991 0.2352 0 0
v 0.366971 -0.18383 0.204837 0 0
v 0.364769 -0.28812 0.215607 0 0
v 0.36643 -0.299056 0.207484 0 0
v 0.370302 -0.301344 0.202037 0 0
v 0.378337 -0.336064 0.163024 0 0
v 0.382523 -0.364139 0.156431 0 0
v 0.371615 -0.221053 0.215599 0 0
v 0.392036 -0.0597046 0.124448 0 0
v 0.374327 -0.210859 0.209172 0 0
v 0.371955 -0.269582 0.220522 0 0
v 0.389237 -0.33658 0.144647 0 0
v 0.396636 -0.0527404 0.116266 0 0
v 0.380885 -0.153325 0.191074 0 0
v 0.379711 -0.181902 0.196649 0 0
v 0.377726 -0.209848 0.206075 0 0
v 0.376845 -0.278 0.210261 0 0
v 0.391251 -0.329962 0.141843 0 0
v 0.384694 -0.113802 0.179614 0 0
v 0.419602 -0.454633 0.014428 0 0
v 0.395327 -0.0972347 0.149452 0 0
v 0.42631 -0.470702 0.00441599 0 0
v 0.399705 -0.0976107 0.142297 0 0
v 0.412263 -0.056384 0.090741 0 0
v 0.389625 -0.209692 0.195578 0 0
v 0.428425 -0.4406 0.0158908 0 0
v 0.396486 -0.147546 0.176758 0 0
v 0.396401 -0.23673 0.18992 0 0
v 0.434707 -0.428616 0.0150046 0 0
v 0.399818 -0.254683 0.180689 0 0
v 0.403404 -0.162063 0.170757 0 0
v 0.438077 -0.442649 0.0135288 0 0
v 0.422271 -0.0841615 0.0918386 0 0
v 0.430898 -0.323724 0.0860268 0 0
v 0.433294 -0.318534 0.0819182 0 0
v 0.435823 -0.311934 0.0772539 0 0
v 0.437694 -0.331408 0.0755105 0 0
v 0.455875 -0.362086 -0.00442863 0 0
v 0.442824 -0.302906 0.0595007 0 0
v 0.432966 -0.129817 0.109054 0 0
v 0.42786 -0.164121 0.131353 0 0
v 0.430123 -0.21254 0.121473 0 0
v 0.455589 -0.42659 0.0102522 0 0
v 0.463605 -0.350982 -0.0112808 0 0
v 0.442667 -0.250331 0.0859256 0 0
v 0.466757 -0.351032 -0.0115695 0 0
v 0.46553 -0.416607 0.00689638 0 0
v 0.485983 -0.284613 -0.0670943 0 0
v 0.485049 -0.29952 -0.0497441 0 0
v 0.474638 -0.363864 -0.00575018 0 0
v 0.47291 -0.384 0.00155222 0 0
v 0.484884 -0.335928 -0.0228207 0 0
v 0.486968 -0.333189 -0.0250335 0 0
v 0.485334 -0.411496 -0.00544667 0 0
v 0.494872 -0.396052 -0.012955 0 0
v 0.498676 -0.4131 -0.0284302 0 0
v 0.507625 -0.300785 -0.0584071 0 0
v 0.496653 -0.374614 -0.0139153 0 0
v 0.498914 -0.365871 -0.0168133 0 0
v 0.521216 -0.290632 -0.0875475 0 0
v 0.515763 -0.300268 -0.065706 0 0
v 0.504921 -0.36376 -0.0222807 0 0
v 0.517352 -0.387427 -0.0407248 0 0
