v -0.509174 0.0556634 0.472273 0 0
v -0.509424 0.0465254 0.464455 0 0
v -0.503715 0.114985 0.478143 0 0
v -0.492127 0.0940406 0.495725 0 0
v -0.493229 0.13717 0.478082 0 0
v -0.494953 0.14737 0.46914 0 0
v -0.491805 0.0367541 0.478875 0 0
v -0.47568 0.123665 0.500285 0 0
v -0.528748 0.257628 0.32487 0 0
v -0.471039 0.0669642 0.507699 0 0
v -0.473615 0.0466134 0.499536 0 0
v -0.469465 0.095494 0.509063 0 0
v -0.511098 0.277703 0.372879 0 0
v -0.481611 0.192292 0.466754 0 0
v -0.478077 0.175703 0.478004 0 0
v -0.484388 0.21166 0.454139 0 0
v -0.468967 0.048791 0.503351 0 0
v -0.465246 0.0770652 0.511585 0 0
v -0.473075 0.17864 0.482815 0 0
v -0.468374 0.16113 0.494186 0 0
v -0.461866 0.103335 0.511439 0 0
v -0.528354 -0.0975524 0.29293 0 0
v -0.458675 0.0746416 0.514376 0 0
v -0.521251 -0.126266 0.311696 0 0
v -0.463295 0.174817 0.495675 0 0
v -0.4548 0.0757052 0.515865 0 0
v -0.453587 0.091628 0.51611 0 0
v -0.460596 0.0271619 0.493179 0 0
v -0.512902 -0.1345 0.322064 0 0
v -0.510764 0.332157 0.324854 0 0
v -0.491779 0.29383 0.38712 0 0
v -0.479062 0.267622 0.424865 0 0
v -0.449994 0.0699737 0.516699 0 0
v -0.448948 0.066574 0.516394 0 0
v -0.45912 0.218768 0.478924 0 0
v -0.518246 -0.0454371 0.283037 0 0
v -0.444673 0.133119 0.523035 0 0
v -0.451373 0.0316248 0.500781 0 0
v -0.482865 0.300326 0.392085 0 0
v -0.51304 -0.199552 0.282831 0 0
v -0.49624 -0.173524 0.330489 0 0
v -0.441028 0.182002 0.512401 0 0
v -0.49271 -0.0873238 0.338075 0 0
v -0.478206 0.314462 0.382813 0 0
v -0.463958 0.278616 0.430996 0 0
v -0.489388 -0.139009 0.344998 0 0
v -0.443484 0.209343 0.496335 0 0
v -0.433568 0.137005 0.529956 0 0
v -0.452621 0.253161 0.461353 0 0
v -0.442738 0.0213576 0.494949 0 0
v -0.503812 -0.0243039 0.287334 0 0
v -0.435044 0.0790472 0.517239 0 0
v -0.491193 -0.038082 0.317068 0 0
v -0.437565 0.0224836 0.496857 0 0
v -0.484746 -0.19607 0.334781 0 0
v -0.430832 0.0677266 0.516076 0 0
v -0.493254 -0.017593 0.301075 0 0
v -0.484024 -0.0492336 0.332866 0 0
v -0.480153 -0.171891 0.3462 0 0
v -0.440956 0.241212 0.477183 0 0
v -0.427041 0.102377 0.525239 0 0
v -0.491171 -0.0149628 0.303767 0 0
v -0.423151 0.130935 0.534792 0 0
v -0.450862 0.285166 0.434679 0 0
v -0.423611 0.163014 0.529291 0 0
v -0.476342 -0.19726 0.346216 0 0
v -0.470892 -0.112536 0.360775 0 0
v -0.498701 -0.253678 0.263967 0 0
v -0.475848 -0.0452279 0.339086 0 0
v -0.436469 0.255537 0.468333 0 0
v -0.426578 0.0315771 0.503045 0 0
v -0.466061 -0.126081 0.364489 0 0
v -0.468568 -0.19613 0.355693 0 0
v -0.421264 0.0858445 0.517703 0 0
v -0.467577 -0.0738279 0.354741 0 0
v -0.419806 0.190304 0.518835 0 0
v -0.418584 0.0945921 0.523146 0 0
v -0.464606 -0.175406 0.360771 0 0
v -0.418794 0.0880775 0.518394 0 0
v -0.429749 0.00758037 0.479639 0 0
v -0.420222 0.0485971 0.509298 0 0
v -0.413924 0.185162 0.523605 0 0
v -0.464362 -0.0349383 0.343702 0 0
v -0.456489 -0.121772 0.371782 0 0
v -0.455962 -0.151987 0.3692 0 0
v -0.425004 0.00409219 0.475743 0 0
v -0.442234 0.312919 0.409572 0 0
v -0.453554 -0.200815 0.368864 0 0
v -0.414084 0.0475367 0.50669 0 0
v -0.451966 -0.201916 0.370077 0 0
v -0.452758 -0.212289 0.367221 0 0
v -0.406547 0.177618 0.529804 0 0
v -0.415155 0.0305176 0.498676 0 0
v -0.404124 0.168057 0.534501 0 0
v -0.409818 0.0746679 0.513852 0 0
v -0.452372 -0.0259402 0.350361 0 0
v -0.445727 0.338203 0.370031 0 0
v -0.429381 0.301711 0.429807 0 0
v -0.444553 -0.0916539 0.374328 0 0
v -0.409228 0.236071 0.495063 0 0
v -0.39683 0.116978 0.540658 0 0
v -0.405616 0.0497723 0.508346 0 0
v -0.441103 -0.0964329 0.377842 0 0
v -0.450175 -0.254613 0.344478 0 0
v -0.405231 0.222963 0.505547 0 0
v -0.43973 -0.0792139 0.373715 0 0
v -0.450938 -0.264167 0.332263 0 0
v -0.43548 -0.200085 0.384852 0 0
v -0.402531 0.0350277 0.502795 0 0
v -0.420935 -0.0102081 0.434343 0 0
v -0.420003 0.302234 0.433342 0 0
v -0.432734 -0.131863 0.385854 0 0
v -0.437181 0.343096 0.364584 0 0
v -0.389341 0.137973 0.543546 0 0
v -0.389321 0.134615 0.543621 0 0
v -0.404349 0.254246 0.483049 0 0
v -0.400542 0.236867 0.497335 0 0
v -0.394229 0.0743079 0.521017 0 0
v -0.434785 -0.0506728 0.368869 0 0
v -0.429714 -0.113148 0.387891 0 0
v -0.442846 -0.265708 0.338624 0 0
v -0.421251 0.316698 0.415081 0 0
v -0.431077 -0.0765116 0.37811 0 0
v -0.405004 0.267853 0.471799 0 0
v -0.391035 0.195234 0.524509 0 0
v -0.401856 0.00872334 0.483675 0 0
v -0.432116 -0.0469011 0.369498 0 0
v -0.391654 0.20748 0.51788 0 0
v -0.391577 0.0528544 0.518173 0 0
v -0.400271 0.011038 0.485271 0 0
v -0.403756 0.273285 0.467637 0 0
v -0.39232 0.218717 0.511039 0 0
v -0.383905 0.129086 0.542979 0 0
v -0.387478 0.0941903 0.529418 0 0
v -0.389933 0.21119 0.515776 0 0
v -0.391516 0.227572 0.505389 0 0
v -0.381927 0.147067 0.541993 0 0
v -0.395152 0.25241 0.487078 0 0
v -0.383674 0.181978 0.531022 0 0
v -0.42425 -0.0529534 0.375672 0 0
v -0.423597 -0.0615802 0.37817 0 0
v -0.420304 -0.100602 0.390777 0 0
v -0.39446 0.255034 0.48528 0 0
v -0.386643 0.0404295 0.515297 0 0
v -0.423252 -0.0417642 0.37472 0 0
v -0.428125 -0.261667 0.356005 0 0
v -0.381635 0.0941405 0.530196 0 0
v -0.417157 -0.117691 0.393391 0 0
v -0.383861 0.208707 0.517245 0 0
v -0.385918 0.0291582 0.509299 0 0
v -0.386923 0.0246484 0.505416 0 0
v -0.417247 -0.0846857 0.388282 0 0
v -0.413924 -0.157598 0.401118 0 0
v -0.415456 -0.208651 0.395202 0 0
v -0.377476 0.163218 0.537573 0 0
v -0.37637 0.130304 0.541858 0 0
v -0.379013 0.0717356 0.527245 0 0
v -0.392011 0.271302 0.472184 0 0
v -0.386279 0.244239 0.494523 0 0
v -0.374945 0.158609 0.538697 0 0
v -0.39093 -0.000584388 0.476394 0 0
v -0.395458 0.289924 0.454125 0 0
v -0.377401 0.056016 0.524714 0 0
v -0.377634 0.0526536 0.523802 0 0
v -0.390088 -0.00175454 0.475119 0 0
v -0.392072 -0.00646597 0.467361 0 0
v -0.414066 -0.0490424 0.381386 0 0
v -0.409932 -0.118616 0.397545 0 0
v -0.392309 0.282581 0.461823 0 0
v -0.3727 0.170329 0.534298 0 0
v -0.407297 -0.0831847 0.393395 0 0
v -0.369022 0.129354 0.539956 0 0
v -0.371086 0.0861551 0.531787 0 0
v -0.382467 0.00754487 0.486757 0 0
v -0.396204 0.316358 0.422836 0 0
v -0.393944 0.309742 0.431833 0 0
v -0.382465 0.000583909 0.477525 0 0
v -0.401357 -0.0903515 0.397429 0 0
v -0.400459 -0.104867 0.401016 0 0
v -0.365727 0.114044 0.535209 0 0
v -0.402166 -0.23784 0.389264 0 0
v -0.369344 0.206582 0.516163 0 0
v -0.39292 0.321259 0.416569 0 0
v -0.363577 0.0603143 0.530275 0 0
v -0.393287 -0.128657 0.410175 0 0
v -0.391782 -0.188274 0.411335 0 0
v -0.363235 0.190967 0.522496 0 0
v -0.397318 -0.252275 0.383856 0 0
v -0.367743 0.0120854 0.499476 0 0
v -0.370653 0.00522045 0.487601 0 0
v -0.39572 -0.260293 0.380249 0 0
v -0.367326 0.245848 0.491737 0 0
v -0.35673 0.138759 0.535245 0 0
v -0.390552 -0.0375176 0.396368 0 0
v -0.390951 -0.0461753 0.39473 0 0
v -0.362226 0.216878 0.507977 0 0
v -0.360519 0.203326 0.515008 0 0
v -0.521153 0.522805 -0.153454 0 0
v -0.397577 -0.294244 0.357177 0 0
v -0.374375 0.297 0.448128 0 0
v -0.360876 0.223181 0.504087 0 0
v -0.525442 0.545555 -0.185029 0 0
v -0.364017 0.252548 0.48625 0 0
v -0.353139 0.15038 0.531487 0 0
v -0.352494 0.0916373 0.534169 0 0
v -0.382999 -0.213184 0.407318 0 0
v -0.382204 -0.0238496 0.405535 0 0
v -0.360964 0.247403 0.489308 0 0
v -0.379351 -0.106559 0.412359 0 0
v -0.382249 -0.234994 0.400229 0 0
v -0.382689 -0.23895 0.398389 0 0
v -0.352028 0.0379805 0.521964 0 0
v -0.376506 -0.13399 0.419188 0 0
v -0.372209 0.309673 0.432182 0 0
v -0.350261 0.170321 0.524633 0 0
v -0.383162 -0.263076 0.386046 0 0
v -0.38647 -0.284077 0.372112 0 0
v -0.390942 -0.303785 0.353276 0 0
v -0.360068 0.262027 0.478405 0 0
v -0.347071 0.0995649 0.533329 0 0
v -0.441106 -0.572652 0.135951 0 0
v -0.372376 -0.170142 0.421278 0 0
v -0.376362 -0.0399079 0.399172 0 0
v -0.354346 0.246476 0.487881 0 0
v -0.344836 0.131501 0.528463 0 0
v -0.344176 0.140722 0.526457 0 0
v -0.342996 0.109826 0.531508 0 0
v -0.359837 0.289885 0.454332 0 0
v -0.371582 -0.0740716 0.40388 0 0
v -0.34175 0.050274 0.527169 0 0
v -0.370406 -0.238162 0.403671 0 0
v -0.518858 0.587695 -0.243524 0 0
v -0.499969 0.538109 -0.161848 0 0
v -0.371677 0.33716 0.39288 0 0
v -0.353837 0.270513 0.470019 0 0
v -0.367791 -0.223847 0.409683 0 0
v -0.343256 0.0222745 0.510836 0 0
v -0.473348 0.489153 -0.0604081 0 0
v -0.464703 0.467806 -0.0227761 0 0
v -0.341362 0.180654 0.514105 0 0
v -0.338457 0.0491582 0.52675 0 0
v -0.363163 -0.0139445 0.41921 0 0
v -0.36535 -0.226285 0.40969 0 0
v -0.42328 -0.575009 0.151357 0 0
v -0.344541 0.235678 0.490186 0 0
v -0.343971 0.230663 0.492684 0 0
v -0.340623 0.196359 0.507356 0 0
v -0.337875 0.149346 0.519397 0 0
v -0.387776 -0.342156 0.300725 0 0
v -0.347145 0.262847 0.473643 0 0
v -0.358629 -0.175988 0.423149 0 0
v -0.444162 0.432138 0.0404621 0 0
v -0.33367 0.112352 0.527928 0 0
v -0.44009 0.425147 0.0518346 0 0
v -0.348231 0.282013 0.458474 0 0
v -0.340883 0.230921 0.490998 0 0
v -0.355667 -0.134658 0.425553 0 0
v -0.358641 -0.224683 0.412389 0 0
v -0.355582 -0.196873 0.420567 0 0
v -0.332503 0.035808 0.518031 0 0
v -0.343382 -0.000587016 0.469541 0 0
v -0.358704 -0.0177819 0.401252 0 0
v -0.356857 -0.236074 0.409486 0 0
v -0.356984 -0.237379 0.408919 0 0
v -0.333746 0.0211811 0.507388 0 0
v -0.351883 -0.137011 0.426276 0 0
v -0.365222 0.351393 0.360994 0 0
v -0.335657 0.218957 0.493672 0 0
v -0.333937 0.199443 0.501392 0 0
v -0.330169 0.135818 0.518302 0 0
v -0.354466 -0.0762621 0.409263 0 0
v -0.344782 0.29238 0.447379 0 0
v -0.329773 0.144098 0.514967 0 0
v -0.328108 0.121836 0.522464 0 0
v -0.326629 0.0750287 0.529126 0 0
v -0.327879 0.0470017 0.523496 0 0
v -0.40824 -0.595791 0.161613 0 0
v -0.335054 0.234015 0.485955 0 0
v -0.325745 0.0660521 0.528024 0 0
v -0.329276 0.167788 0.506889 0 0
v -0.354918 -0.274676 0.390617 0 0
v -0.447204 0.479984 -0.0349364 0 0
v -0.334241 0.245576 0.479088 0 0
v -0.350997 -0.255438 0.40284 0 0
v -0.353992 -0.277387 0.389211 0 0
v -0.40181 -0.586937 0.171624 0 0
v -0.484617 0.562699 -0.212903 0 0
v -0.344549 -0.135768 0.426692 0 0
v -0.356436 0.348919 0.366687 0 0
v -0.321423 0.07739 0.527133 0 0
v -0.356121 -0.308555 0.368134 0 0
v -0.320423 0.075161 0.526533 0 0
v -0.352395 -0.293973 0.379511 0 0
v -0.361697 -0.333629 0.336736 0 0
v -0.403955 -0.533619 0.142414 0 0
v -0.397434 -0.574071 0.172401 0 0
v -0.33545 0.283203 0.451972 0 0
v -0.323184 0.145862 0.508577 0 0
v -0.341845 -0.109512 0.422459 0 0
v -0.410123 -0.519005 0.107372 0 0
v -0.324042 0.177849 0.499307 0 0
v -0.319974 0.121056 0.518145 0 0
v -0.318196 0.0842117 0.52638 0 0
v -0.425103 0.443289 0.0242554 0 0
v -0.317241 0.0786033 0.525566 0 0
v -0.344295 -0.0141155 0.399825 0 0
v -0.341834 -0.0761663 0.411262 0 0
v -0.325177 0.225123 0.483272 0 0
v -0.316781 0.102571 0.522432 0 0
v -0.341461 -0.0665819 0.407318 0 0
v -0.34124 -0.0689805 0.408351 0 0
v -0.391115 -0.571629 0.175719 0 0
v -0.32269 0.202188 0.489467 0 0
v -0.318749 0.137915 0.507916 0 0
v -0.339952 -0.00915493 0.408664 0 0
v -0.338418 -0.235131 0.415843 0 0
v -0.348977 -0.312638 0.366418 0 0
v -0.334677 0.308144 0.427713 0 0
v -0.31434 0.0662662 0.523254 0 0
v -0.471925 0.560678 -0.225089 0 0
v -0.314179 0.108514 0.51867 0 0
v -0.315471 0.0382216 0.51258 0 0
v -0.338209 -0.257479 0.405373 0 0
v -0.393144 -0.531064 0.146359 0 0
v -0.328045 0.283988 0.44768 0 0
v -0.318129 0.165704 0.494604 0 0
v -0.315071 0.0337372 0.509072 0 0
v -0.339005 -0.0326085 0.395816 0 0
v -0.334579 -0.236209 0.41676 0 0
v -0.318919 0.201575 0.485368 0 0
v -0.317644 0.175312 0.491423 0 0
v -0.337741 -0.0326052 0.395977 0 0
v -0.332214 -0.109528 0.422226 0 0
v -0.330529 -0.186036 0.430227 0 0
v -0.352401 -0.583484 0.326351 0 0
v -0.470136 0.568116 -0.240966 0 0
v -0.430188 0.480521 -0.0505502 0 0
v -0.345369 -0.326427 0.353752 0 0
v -0.388306 -0.531702 0.149086 0 0
v -0.469522 0.57118 -0.246254 0 0
v -0.336379 0.335145 0.390718 0 0
v -0.322526 0.266898 0.456993 0 0
v -0.314191 0.14816 0.496872 0 0
v -0.35334 -0.576366 0.309574 0 0
v -0.308157 0.0788835 0.520309 0 0
v -0.327521 -0.161046 0.427327 0 0
v -0.327228 -0.166929 0.428731 0 0
v -0.332629 -0.264021 0.402797 0 0
v -0.386439 -0.524504 0.144414 0 0
v -0.47342 0.597682 -0.281647 0 0
v -0.336431 0.341406 0.37857 0 0
v -0.319666 0.260578 0.45937 0 0
v -0.319227 0.25668 0.461484 0 0
v -0.314837 0.190299 0.482643 0 0
v -0.312753 0.152041 0.492686 0 0
v -0.332672 -0.27364 0.396686 0 0
v -0.308 0.114857 0.510085 0 0
v -0.331818 -0.0264716 0.39487 0 0
v -0.324927 -0.211594 0.428205 0 0
v -0.388035 -0.510421 0.122926 0 0
v -0.308374 0.0338809 0.502721 0 0
v -0.323496 0.000602405 0.429298 0 0
v -0.32625 -0.0832331 0.415927 0 0
v -0.324242 -0.220388 0.425677 0 0
v -0.342656 -0.563436 0.336267 0 0
v -0.322248 -0.20901 0.429506 0 0
v -0.322795 -0.217811 0.426842 0 0
v -0.33536 -0.317809 0.365605 0 0
v -0.372638 -0.567664 0.183929 0 0
v -0.322297 -0.134845 0.423372 0 0
v -0.321742 -0.1491 0.426092 0 0
v -0.335626 -0.569871 0.358171 0 0
v -0.335278 -0.563848 0.353697 0 0
v -0.304289 0.123671 0.500214 0 0
v -0.307471 0.022668 0.484528 0 0
v -0.321471 -0.079608 0.415527 0 0
v -0.373321 -0.534224 0.159963 0 0
v -0.441816 0.522298 -0.185898 0 0
v -0.319021 -0.119254 0.421633 0 0
v -0.318937 -0.124065 0.42205 0 0
v -0.318693 -0.134855 0.423258 0 0
v -0.325011 -0.284308 0.391997 0 0
v -0.307328 0.171518 0.473694 0 0
v -0.316608 -0.220118 0.427604 0 0
v -0.329199 -0.567476 0.365073 0 0
v -0.302015 0.12762 0.494342 0 0
v -0.314432 -0.165333 0.432437 0 0
v -0.381308 -0.502335 0.0990371 0 0
v -0.367486 -0.540338 0.167944 0 0
v -0.315655 -0.110873 0.420299 0 0
v -0.313882 -0.216283 0.429173 0 0
v -0.320888 -0.282702 0.394111 0 0
v -0.345646 -0.378818 0.27021 0 0
v -0.302766 0.147591 0.478966 0 0
v -0.318142 -0.0435223 0.40172 0 0
v -0.315111 -0.0819653 0.416946 0 0
v -0.312253 -0.208771 0.431302 0 0
v -0.331668 -0.348283 0.333767 0 0
v -0.445007 0.544854 -0.244275 0 0
v -0.305615 0.222857 0.458713 0 0
v -0.305423 0.212083 0.459679 0 0
v -0.304768 0.186869 0.462987 0 0
v -0.317913 -0.030131 0.396693 0 0
v -0.31066 -0.200096 0.433269 0 0
v -0.439 0.529357 -0.222576 0 0
v -0.313404 0.314621 0.413293 0 0
v -0.310818 -0.227531 0.426384 0 0
v -0.314063 -0.259179 0.409955 0 0
v -0.303899 0.222149 0.455414 0 0
v -0.303636 0.206567 0.456752 0 0
v -0.30294 0.177749 0.460288 0 0
v -0.321299 -0.320046 0.366981 0 0
v -0.323329 -0.330892 0.356664 0 0
v -0.362721 -0.526759 0.156449 0 0
v -0.356691 -0.562502 0.187096 0 0
v -0.303008 0.216434 0.453919 0 0
v -0.302821 0.206819 0.454872 0 0
v -0.307599 0.296721 0.424325 0 0
v -0.305608 -0.169915 0.434526 0 0
v -0.358805 -0.530806 0.162022 0 0
v -0.365562 -0.502558 0.120023 0 0
v -0.302577 -0.154597 0.431561 0 0
v -0.308001 -0.271261 0.403446 0 0
v -0.308579 -0.276678 0.40045 0 0
v -0.323681 -0.358431 0.322165 0 0
v -0.310559 0.335355 0.383758 0 0
v -0.304228 -0.0759051 0.41671 0 0
v -0.304652 -0.253572 0.414503 0 0
v -0.298969 0.24984 0.43784 0 0
v -0.302528 -0.0866965 0.419243 0 0
v -0.301011 -0.138139 0.427171 0 0
v -0.299181 -0.147484 0.430442 0 0
v -0.305661 -0.584877 0.396446 0 0
v -0.43681 0.565647 -0.300843 0 0
v -0.291953 0.140963 0.462174 0 0
v -0.297885 -0.148641 0.43093 0 0
v -0.308474 -0.545283 0.375151 0 0
v -0.437206 0.573777 -0.312271 0 0
v -0.396382 0.460704 -0.0963628 0 0
v -0.296031 0.237185 0.434367 0 0
v -0.295946 0.221509 0.434818 0 0
v -0.295937 0.207096 0.434863 0 0
v -0.303559 -0.0252452 0.394557 0 0
v -0.300595 -0.0603628 0.410233 0 0
v -0.296612 -0.206365 0.431295 0 0
v -0.307285 -0.54289 0.374851 0 0
v -0.305963 -0.550486 0.381839 0 0
v -0.303585 -0.00309151 0.387877 0 0
v -0.295199 -0.153311 0.432407 0 0
v -0.294755 -0.163886 0.434765 0 0
v -0.302298 -0.568271 0.394711 0 0
v -0.303887 0.336202 0.379673 0 0
v -0.295439 0.268856 0.424717 0 0
v -0.288305 0.0383228 0.462755 0 0
v -0.29883 -0.267053 0.406634 0 0
v -0.304209 -0.311674 0.377957 0 0
v -0.301829 -0.55613 0.390648 0 0
v -0.428232 0.539027 -0.292712 0 0
v -0.293568 0.238109 0.428267 0 0
v -0.293739 0.210503 0.427348 0 0
v -0.283893 0.100849 0.480062 0 0
v -0.300796 0.00185293 0.389565 0 0
v -0.295304 -0.098839 0.41897 0 0
v -0.295203 0.297638 0.412992 0 0
v -0.294554 0.288481 0.416481 0 0
v -0.282752 0.0600484 0.479928 0 0
v -0.29752 0.0153361 0.400538 0 0
v -0.293774 -0.115692 0.420676 0 0
v -0.291066 -0.163837 0.435232 0 0
v -0.290815 -0.180485 0.436585 0 0
v -0.295766 -0.260396 0.409968 0 0
v -0.286531 0.137037 0.453236 0 0
v -0.289989 -0.159104 0.434567 0 0
v -0.293059 -0.245733 0.417998 0 0
v -0.34598 -0.505001 0.132319 0 0
v -0.342445 -0.516858 0.1514 0 0
v -0.301157 -0.533104 0.374282 0 0
v -0.422089 0.518616 -0.28801 0 0
v -0.281019 0.0905572 0.476682 0 0
v -0.295483 -0.565779 0.398279 0 0
v -0.290421 0.245555 0.419144 0 0
v -0.294395 -0.0338032 0.397514 0 0
v -0.290595 -0.0903938 0.4182 0 0
v -0.28958 0.233728 0.417116 0 0
v -0.280911 0.11366 0.464501 0 0
v -0.292966 -0.0362369 0.398605 0 0
v -0.287083 -0.202824 0.430763 0 0
v -0.303628 -0.350731 0.340328 0 0
v -0.339686 -0.510597 0.143229 0 0
v -0.290361 0.30381 0.40616 0 0
v -0.286521 0.159848 0.427242 0 0
v -0.284065 0.141733 0.440724 0 0
v -0.285413 -0.149617 0.43332 0 0
v -0.289757 -0.259257 0.409476 0 0
v -0.295476 -0.312893 0.378086 0 0
v -0.334615 -0.524818 0.163244 0 0
v -0.290836 -0.58106 0.403553 0 0
v -0.286723 -0.239441 0.419476 0 0
v -0.30018 -0.347142 0.345299 0 0
v -0.337566 -0.50742 0.13921 0 0
v -0.293348 -0.53398 0.382959 0 0
v -0.27708 0.0770646 0.466149 0 0
v -0.286719 0.0298285 0.41279 0 0
v -0.283153 -0.144883 0.432527 0 0
v -0.286665 -0.251365 0.413084 0 0
v -0.288896 -0.563685 0.400734 0 0
v -0.287702 -0.0411003 0.400556 0 0
v -0.286951 -0.0495588 0.404728 0 0
v -0.293926 -0.520793 0.365955 0 0
v -0.286407 -0.594189 0.407752 0 0
v -0.285792 0.231938 0.404367 0 0
v -0.283464 -0.240975 0.417367 0 0
v -0.2838 -0.244907 0.415489 0 0
v -0.292822 -0.519807 0.365117 0 0
v -0.284078 0.25231 0.407117 0 0
v -0.287095 -0.0216093 0.3902 0 0
v -0.279947 -0.200478 0.43028 0 0
v -0.28019 -0.204268 0.428917 0 0
v -0.335467 -0.495626 0.118967 0 0
v -0.280568 -0.112106 0.419999 0 0
v -0.284069 -0.284069 0.400284 0 0
v -0.293937 -0.348535 0.344713 0 0
v -0.283026 -0.607009 0.406158 0 0
v -0.281902 0.283125 0.405603 0 0
v -0.278883 0.147003 0.422679 0 0
v -0.289608 0.345132 0.354882 0 0
v -0.280778 0.277107 0.405042 0 0
v -0.284469 0.020452 0.384075 0 0
v -0.272391 0.0911945 0.445908 0 0
v -0.280059 -0.0459616 0.40216 0 0
v -0.27975 -0.0495837 0.403924 0 0
v -0.280649 -0.288019 0.398795 0 0
v -0.273358 0.0642843 0.433536 0 0
v -0.279757 0.230352 0.38979 0 0
v -0.271221 0.07963 0.438921 0 0
v -0.271897 0.0714256 0.435029 0 0
v -0.278595 -0.0362851 0.396477 0 0
v -0.272226 -0.186892 0.43314 0 0
v -0.276206 -0.254255 0.410232 0 0
v -0.278149 -0.287973 0.399046 0 0
v -0.286071 -0.341644 0.353447 0 0
v -0.276712 0.263214 0.400254 0 0
v -0.270005 0.0951902 0.43903 0 0
v -0.272137 -0.128526 0.426706 0 0
v -0.280532 -0.521876 0.378172 0 0
v -0.277698 0.23193 0.387404 0 0
v -0.279726 0.0130829 0.375625 0 0
v -0.286397 -0.356561 0.336888 0 0
v -0.321571 -0.499187 0.132633 0 0
v -0.273356 0.164503 0.405517 0 0
v -0.273749 -0.278648 0.403222 0 0
v -0.291142 -0.377117 0.301767 0 0
v -0.296625 -0.389527 0.269788 0 0
v -0.316129 -0.514151 0.156021 0 0
v -0.273494 -0.558613 0.404709 0 0
v -0.273539 0.262474 0.397276 0 0
v -0.272402 0.16589 0.403936 0 0
v -0.271556 0.154391 0.408892 0 0
v -0.274228 0.0363583 0.393241 0 0
v -0.277295 0.0168246 0.375269 0 0
v -0.27379 -0.0363003 0.395805 0 0
v -0.279754 -0.512359 0.36086 0 0
v -0.274255 -0.525605 0.385823 0 0
v -0.274351 0.205919 0.377935 0 0
v -0.265111 -0.150891 0.432566 0 0
v -0.269423 -0.268201 0.407073 0 0
v -0.268043 -0.58775 0.415233 0 0
v -0.263886 -0.160496 0.432703 0 0
v -0.269847 0.0376674 0.389966 0 0
v -0.272697 0.0168485 0.372961 0 0
v -0.265452 -0.097798 0.416188 0 0
v -0.270119 -0.527258 0.388338 0 0
v -0.267898 0.26913 0.394241 0 0
v -0.265708 -0.0604715 0.407369 0 0
v -0.284994 -0.383268 0.291771 0 0
v -0.302057 -0.538148 0.189497 0 0
v -0.264399 -0.576816 0.415214 0 0
v -0.269325 0.198418 0.378232 0 0
v -0.262178 0.112016 0.421271 0 0
v -0.261901 0.0973814 0.422936 0 0
v -0.269108 -0.00932247 0.37954 0 0
v -0.268547 -0.0155051 0.382916 0 0
v -0.264205 -0.0496534 0.401683 0 0
v -0.261665 -0.109887 0.417045 0 0
v -0.26077 -0.122822 0.422459 0 0
v -0.259453 -0.143873 0.430426 0 0
v -0.272487 -0.345824 0.351581 0 0
v -0.311403 -0.461685 0.116158 0 0
v -0.264963 0.262493 0.389623 0 0
v -0.263419 -0.0448243 0.399007 0 0
v -0.260893 -0.0845317 0.414361 0 0
v -0.258018 -0.15457 0.431834 0 0
v -0.261272 -0.246655 0.412056 0 0
v -0.263742 -0.294481 0.397043 0 0
v -0.266791 0.0193689 0.37092 0 0
v -0.277393 -0.377437 0.306178 0 0
v -0.260825 -0.554024 0.40735 0 0
v -0.261282 -0.294481 0.397047 0 0
v -0.27247 -0.364789 0.328412 0 0
v -0.264714 0.237179 0.368315 0 0
v -0.264144 0.201699 0.371828 0 0
v -0.260015 -0.0424138 0.397281 0 0
v -0.256966 -0.574072 0.416076 0 0
v -0.256776 -0.262876 0.409724 0 0
v -0.257839 -0.282337 0.403143 0 0
v -0.255 0.115024 0.413184 0 0
v -0.270983 -0.374461 0.31373 0 0
v -0.259853 -0.521566 0.382989 0 0
v -0.257732 -0.534533 0.396184 0 0
v -0.250966 -0.158283 0.430798 0 0
v -0.254202 -0.261517 0.410569 0 0
v -0.257746 -0.525999 0.388408 0 0
v -0.257608 -0.0167601 0.381508 0 0
v -0.253544 -0.271872 0.407042 0 0
v -0.258064 0.323049 0.370791 0 0
v -0.255783 -0.523334 0.385189 0 0
v -0.252364 -0.550556 0.406778 0 0
v -0.251589 0.0703958 0.403942 0 0
v -0.280998 -0.417737 0.217369 0 0
v -0.287484 -0.522507 0.176226 0 0
v -0.250876 0.0656327 0.400678 0 0
v -0.253747 -0.0192327 0.382381 0 0
v -0.277434 -0.410385 0.231375 0 0
v -0.278233 -0.412928 0.226282 0 0
v -0.249987 -0.549482 0.40635 0 0
v -0.25568 0.328551 0.362048 0 0
v -0.248186 0.0969571 0.410055 0 0
v -0.248205 0.095745 0.409931 0 0
v -0.254216 0.0281074 0.371422 0 0
v -0.251535 -0.303449 0.388599 0 0
v -0.253715 0.00689098 0.366608 0 0
v -0.252283 0.288592 0.367764 0 0
v -0.250823 0.181115 0.377214 0 0
v -0.246384 0.11555 0.405933 0 0
v -0.25243 0.00563737 0.366814 0 0
v -0.288234 -0.445582 0.135169 0 0
v -0.286705 -0.487327 0.145061 0 0
v -0.285732 -0.497018 0.151353 0 0
v -0.252339 0.203256 0.359262 0 0
v -0.250587 -0.00312454 0.370651 0 0
v -0.243652 -0.579053 0.415745 0 0
v -0.245179 0.0682076 0.397828 0 0
v -0.243865 -0.27198 0.40641 0 0
v -0.254132 -0.358587 0.339322 0 0
v -0.284999 -0.456427 0.137613 0 0
v -0.279058 -0.519649 0.176436 0 0
v -0.252346 -0.50406 0.350989 0 0
v -0.251207 0.229693 0.350164 0 0
v -0.24753 -0.00935254 0.374314 0 0
v -0.241632 -0.102861 0.41305 0 0
v -0.247644 -0.320003 0.373567 0 0
v -0.244452 0.0513659 0.386399 0 0
v -0.241346 -0.270674 0.406903 0 0
v -0.246644 -0.321573 0.371933 0 0
v -0.281729 -0.458612 0.140339 0 0
v -0.280056 -0.492757 0.151382 0 0
v -0.248986 0.252787 0.348107 0 0
v -0.239162 -0.0967604 0.413282 0 0
v -0.238024 -0.185937 0.420833 0 0
v -0.238443 -0.216601 0.418053 0 0
v -0.239833 -0.266684 0.408834 0 0
v -0.280016 -0.442468 0.142241 0 0
v -0.279805 -0.472038 0.143636 0 0
v -0.278789 -0.490186 0.150381 0 0
v -0.239871 0.0852739 0.400438 0 0
v -0.241702 -0.0315263 0.388233 0 0
v -0.237956 -0.0955476 0.413211 0 0
v -0.237857 -0.253673 0.413873 0 0
v -0.240681 -0.301315 0.386789 0 0
v -0.245648 -0.504557 0.353495 0 0
v -0.241504 -0.522121 0.38127 0 0
v -0.246217 0.243672 0.341151 0 0
v -0.241409 0.0405467 0.373548 0 0
v -0.239414 0.159817 0.378604 0 0
v -0.240808 0.036903 0.369167 0 0
v -0.239983 -0.0118434 0.374751 0 0
v -0.239473 0.174446 0.36974 0 0
v -0.255104 -0.404303 0.263328 0 0
v -0.271236 -0.487941 0.153507 0 0
v -0.268754 -0.508737 0.170404 0 0
v -0.241384 -0.506088 0.356727 0 0
v -0.242436 0.222074 0.340902 0 0
v -0.237307 0.0479597 0.376005 0 0
v -0.235468 -0.0339915 0.388588 0 0
v -0.229701 -0.189701 0.419757 0 0
v -0.25155 -0.40155 0.269451 0 0
v -0.230635 -0.582368 0.413337 0 0
v -0.235501 0.045601 0.371261 0 0
v -0.237131 0.0320788 0.359988 0 0
v -0.228605 -0.136435 0.418955 0 0
v -0.228897 -0.243469 0.416936 0 0
v -0.239573 0.32518 0.334267 0 0
v -0.240107 0.240107 0.330553 0 0
v -0.235254 0.0395226 0.364297 0 0
v -0.226848 -0.171195 0.422742 0 0
v -0.264978 -0.488265 0.157628 0 0
v -0.23015 0.109213 0.391202 0 0
v -0.238134 0.303605 0.326419 0 0
v -0.238163 0.295939 0.326211 0 0
v -0.233198 -0.331254 0.361107 0 0
v -0.24156 -0.490282 0.302342 0 0
v -0.237167 0.310438 0.324182 0 0
v -0.230985 0.0494521 0.367861 0 0
v -0.231627 -0.328295 0.363325 0 0
v -0.244722 -0.476843 0.270796 0 0
v -0.234845 -0.498331 0.340584 0 0
v -0.226842 0.099514 0.388399 0 0
v -0.227201 -0.0315729 0.385851 0 0
v -0.22258 -0.184978 0.418679 0 0
v -0.235299 0.313947 0.319158 0 0
v -0.233777 0.269644 0.330033 0 0
v -0.226027 0.107131 0.385394 0 0
v -0.221372 -0.149805 0.418646 0 0
v -0.224827 -0.285192 0.393964 0 0
v -0.228387 0.167987 0.359547 0 0
v -0.24107 -0.434989 0.268443 0 0
v -0.222224 -0.558928 0.403811 0 0
v -0.232397 0.232397 0.321492 0 0
v -0.22389 0.0936494 0.382935 0 0
v -0.22238 -0.052361 0.393843 0 0
v -0.218951 -0.1583 0.418612 0 0
v -0.229218 -0.353669 0.344452 0 0
v -0.22482 -0.522505 0.376217 0 0
v -0.231933 0.24873 0.315515 0 0
v -0.224592 0.140761 0.368831 0 0
v -0.225339 -0.327024 0.363405 0 0
v -0.224386 0.00188557 0.361195 0 0
v -0.223871 -0.00438966 0.364959 0 0
v -0.218469 -0.262529 0.404414 0 0
v -0.216986 -0.105742 0.406315 0 0
v -0.233261 -0.413299 0.286779 0 0
v -0.230234 -0.487059 0.309011 0 0
v -0.221234 -0.522859 0.375117 0 0
v -0.220723 0.0756585 0.369683 0 0
v -0.220589 -0.0131229 0.370674 0 0
v -0.219226 -0.0267046 0.380738 0 0
v -0.215559 -0.114191 0.407824 0 0
v -0.220056 -0.313565 0.374607 0 0
v -0.231838 -0.419673 0.287584 0 0
v -0.231395 0.28809 0.28112 0 0
v -0.231473 0.286868 0.28054 0 0
v -0.225252 0.200865 0.326752 0 0
v -0.219049 0.107964 0.37283 0 0
v -0.230056 -0.413577 0.291061 0 0
v -0.220729 0.0499645 0.350948 0 0
v -0.220773 0.0196102 0.350626 0 0
v -0.225507 -0.487845 0.315255 0 0
v -0.219123 0.155975 0.353517 0 0
v -0.229827 0.320425 0.263075 0 0
v -0.222876 0.206079 0.315609 0 0
v -0.218072 0.156127 0.351912 0 0
v -0.211161 -0.104662 0.404143 0 0
v -0.211103 -0.589253 0.404581 0 0
v -0.243494 0.40819 0.149052 0 0
v -0.210466 -0.56513 0.400117 0 0
v -0.228595 0.311721 0.252117 0 0
v -0.231159 0.281323 0.232512 0 0
v -0.214216 0.116217 0.362065 0 0
v -0.213867 0.105993 0.364734 0 0
v -0.215045 0.0081982 0.355723 0 0
v -0.238452 0.386166 0.165993 0 0
v -0.228587 0.297366 0.241868 0 0
v -0.212904 0.10865 0.362495 0 0
v -0.206632 -0.157869 0.410732 0 0
v -0.209241 -0.547482 0.390668 0 0
v -0.213509 0.0196403 0.348093 0 0
v -0.205582 -0.147018 0.409425 0 0
v -0.207756 -0.286666 0.392605 0 0
v -0.203386 -0.214314 0.417021 0 0
v -0.216227 -0.384046 0.317072 0 0
v -0.21293 -0.504041 0.342734 0 0
v -0.231106 0.332432 0.190468 0 0
v -0.212051 0.161108 0.339667 0 0
v -0.202006 -0.202006 0.41832 0 0
v -0.204274 -0.593192 0.400559 0 0
v -0.210269 0.150555 0.343674 0 0
v -0.201186 -0.219421 0.415217 0 0
v -0.203468 -0.273545 0.397243 0 0
v -0.205485 -0.307296 0.381358 0 0
v -0.208697 -0.329755 0.35605 0 0
v -0.203445 -0.573456 0.397426 0 0
v -0.227951 0.320794 0.193474 0 0
v -0.227582 0.30229 0.196392 0 0
v -0.2006 -0.164016 0.41023 0 0
v -0.201169 -0.240302 0.405719 0 0
v -0.207549 0.139001 0.345094 0 0
v -0.208743 0.0542604 0.335576 0 0
v -0.200818 -0.0902759 0.39877 0 0
v -0.200957 -0.588122 0.39766 0 0
v -0.226443 0.330954 0.183338 0 0
v -0.211632 0.199838 0.291644 0 0
v -0.20078 -0.30894 0.379246 0 0
v -0.231427 0.439062 0.120215 0 0
v -0.230307 0.431198 0.129312 0 0
v -0.198764 -0.0600627 0.38552 0 0
v -0.196058 -0.115436 0.407498 0 0
v -0.194302 -0.173592 0.411873 0 0
v -0.193471 -0.122674 0.408687 0 0
v -0.204502 -0.456097 0.317958 0 0
v -0.202239 -0.49826 0.336569 0 0
v -0.221875 0.288085 0.163476 0 0
v -0.223595 0.273283 0.149233 0 0
v -0.202887 -0.464386 0.320642 0 0
v -0.219357 0.304858 0.172712 0 0
v -0.200699 -0.381521 0.328136 0 0
v -0.201581 -0.459193 0.320788 0 0
v -0.188441 -0.144533 0.409927 0 0
v -0.187832 -0.191479 0.415072 0 0
v -0.221175 0.441629 0.121561 0 0
v -0.218424 0.411945 0.144929 0 0
v -0.195041 -0.487923 0.332653 0 0
v -0.188501 -0.582808 0.388564 0 0
v -0.213119 0.314403 0.166087 0 0
v -0.199341 0.182236 0.284648 0 0
v -0.186321 -0.0867039 0.396686 0 0
v -0.194562 -0.457831 0.325771 0 0
v -0.191076 -0.520256 0.35577 0 0
v -0.193302 0.0892658 0.325559 0 0
v -0.191273 0.0171573 0.34314 0 0
v -0.183399 -0.180962 0.411345 0 0
v -0.183065 -0.207393 0.414236 0 0
v -0.186389 -0.295374 0.385441 0 0
v -0.210666 0.358625 0.162946 0 0
v -0.210293 0.338298 0.166192 0 0
v -0.192199 0.113777 0.323975 0 0
v -0.18234 -0.129894 0.409952 0 0
v -0.191538 0.102541 0.318496 0 0
v -0.187565 0.0313675 0.330898 0 0
v -0.188344 0.0576035 0.312445 0 0
v -0.177971 -0.114367 0.405382 0 0
v -0.177595 -0.219094 0.408758 0 0
v -0.184254 -0.357744 0.349091 0 0
v -0.186242 -0.434565 0.331277 0 0
v -0.184332 -0.513721 0.348395 0 0
v -0.207283 0.432496 0.129902 0 0
v -0.204133 0.353877 0.158321 0 0
v -0.204418 0.321834 0.15575 0 0
v -0.195494 0.187377 0.236257 0 0
v -0.182661 -0.51891 0.352034 0 0
v -0.180254 -0.547 0.37375 0 0
v -0.203583 0.388014 0.150477 0 0
v -0.182666 0.0171846 0.340507 0 0
v -0.17703 -0.0832719 0.391711 0 0
v -0.175695 -0.158554 0.403841 0 0
v -0.178219 -0.570673 0.38091 0 0
v -0.17875 -0.329277 0.364687 0 0
v -0.181439 -0.501027 0.340084 0 0
v -0.176498 -0.603809 0.38529 0 0
v -0.189067 0.171697 0.258074 0 0
v -0.180343 -0.496421 0.338456 0 0
v -0.171454 -0.190978 0.409112 0 0
v -0.198254 0.370216 0.147251 0 0
v -0.175172 -0.013185 0.362956 0 0
v -0.171004 -0.155068 0.401906 0 0
v -0.177582 -0.390172 0.340433 0 0
v -0.177506 -0.503253 0.341142 0 0
v -0.19671 0.328797 0.148403 0 0
v -0.183079 0.144745 0.276711 0 0
v -0.17022 -0.101394 0.397753 0 0
v -0.169243 -0.213234 0.406946 0 0
v -0.174877 -0.505553 0.341946 0 0
v -0.19535 0.418607 0.134264 0 0
v -0.194496 0.384005 0.142421 0 0
v -0.194077 0.356164 0.146418 0 0
v -0.194207 0.327946 0.145183 0 0
v -0.179903 0.0955527 0.281796 0 0
v -0.173972 -0.4327 0.338437 0 0
v -0.169935 -0.569562 0.376997 0 0
v -0.193219 0.388577 0.140996 0 0
v -0.173135 0.0210828 0.334234 0 0
v -0.166587 -0.234205 0.397234 0 0
v -0.171716 -0.369412 0.347879 0 0
v -0.171987 -0.380149 0.345272 0 0
v -0.17206 -0.38412 0.344568 0 0
v -0.180285 0.148115 0.252544 0 0
v -0.168177 -0.323224 0.369906 0 0
v -0.166807 -0.320495 0.371067 0 0
v -0.168178 -0.349583 0.357683 0 0
v -0.169101 -0.37177 0.348665 0 0
v -0.190445 0.433352 0.126201 0 0
v -0.189784 0.374556 0.1327 0 0
v -0.176896 0.126163 0.259515 0 0
v -0.162748 -0.145552 0.398709 0 0
v -0.162235 -0.192846 0.403756 0 0
v -0.162541 -0.221424 0.400745 0 0
v -0.167775 -0.518521 0.349248 0 0
v -0.164862 -0.590393 0.377913 0 0
v -0.164792 -0.603823 0.378601 0 0
v -0.188439 0.414854 0.131833 0 0
v -0.188172 0.387076 0.134488 0 0
v -0.175978 0.125125 0.25537 0 0
v -0.161509 -0.125891 0.398815 0 0
v -0.162658 -0.254192 0.38743 0 0
v -0.163903 -0.577711 0.375087 0 0
v -0.186036 0.345699 0.141531 0 0
v -0.164885 -0.00315872 0.352824 0 0
v -0.165636 -0.401716 0.345319 0 0
v -0.185497 0.396061 0.132604 0 0
v -0.159423 -0.170502 0.395093 0 0
v -0.164649 -0.506661 0.342481 0 0
v -0.186442 0.462116 0.108479 0 0
v -0.160102 -0.294663 0.375711 0 0
v -0.162363 -0.364528 0.352771 0 0
v -0.1633 -0.426359 0.343268 0 0
v -0.156601 -0.188535 0.398772 0 0
v -0.162565 -0.466021 0.337785 0 0
v -0.180835 0.34523 0.136364 0 0
v -0.161654 0.0172516 0.334032 0 0
v -0.15676 -0.0712546 0.384474 0 0
v -0.160958 -0.445974 0.341213 0 0
v -0.155208 -0.0921353 0.387725 0 0
v -0.154517 -0.133587 0.394897 0 0
v -0.157695 -0.34492 0.361882 0 0
v -0.159886 -0.460548 0.33913 0 0
v -0.163775 0.0716927 0.285065 0 0
v -0.162198 0.0553687 0.301581 0 0
v -0.154121 -0.0835594 0.386159 0 0
v -0.153192 -0.188876 0.395878 0 0
v -0.154058 -0.236964 0.386818 0 0
v -0.155618 -0.608097 0.370482 0 0
v -0.179122 0.460496 0.109176 0 0
v -0.178085 0.379963 0.120119 0 0
v -0.179577 0.307535 0.104367 0 0
v -0.152358 -0.116582 0.391696 0 0
v -0.153845 -0.290872 0.376005 0 0
v -0.178464 0.306666 0.100746 0 0
v -0.167484 0.126467 0.217595 0 0
v -0.15342 -0.570472 0.367265 0 0
v -0.17553 0.382121 0.11659 0 0
v -0.174496 0.339657 0.127687 0 0
v -0.153144 -0.0119743 0.356785 0 0
v -0.1614 0.0984476 0.253826 0 0
v -0.148654 -0.143719 0.391734 0 0
v -0.150107 -0.292118 0.376006 0 0
v -0.171893 0.370398 0.124742 0 0
v -0.158228 0.0814311 0.273825 0 0
v -0.156827 0.0675865 0.28911 0 0
v -0.155616 0.0540426 0.302315 0 0
v -0.148905 -0.299679 0.375534 0 0
v -0.151904 -0.445542 0.342818 0 0
v -0.172661 0.471357 0.100474 0 0
v -0.170389 0.368817 0.125465 0 0
v -0.15954 0.104341 0.24482 0 0
v -0.150212 -0.00190144 0.347444 0 0
v -0.146363 -0.189592 0.389793 0 0
v -0.1545 0.0703469 0.285802 0 0
v -0.145704 -0.0725418 0.383402 0 0
v -0.146431 -0.300962 0.375334 0 0
v -0.148936 -0.526664 0.347536 0 0
v -0.168956 0.456107 0.109329 0 0
v -0.152201 0.0594435 0.296814 0 0
v -0.145097 -0.268398 0.376316 0 0
v -0.145134 -0.294627 0.375905 0 0
v -0.146909 -0.375154 0.356037 0 0
v -0.167405 0.413801 0.110464 0 0
v -0.146283 -0.416051 0.348872 0 0
v -0.146476 -0.525664 0.346693 0 0
v -0.165735 0.437859 0.112972 0 0
v -0.157797 0.130234 0.203349 0 0
v -0.14167 -0.14167 0.386969 0 0
v -0.141651 -0.151549 0.387183 0 0
v -0.142508 -0.276926 0.377433 0 0
v -0.145152 -0.425316 0.34732 0 0
v -0.145834 -0.503732 0.339563 0 0
v -0.165049 0.410806 0.10422 0 0
v -0.165421 0.319912 0.0999492 0 0
v -0.148589 0.0772664 0.278113 0 0
v -0.139437 -0.0923386 0.384167 0 0
v -0.141304 -0.589711 0.362532 0 0
v -0.16216 0.387583 0.104004 0 0
v -0.138925 -0.26103 0.375663 0 0
v -0.140666 -0.391721 0.355309 0 0
v -0.159471 0.3543 0.118567 0 0
v -0.137304 -0.0689629 0.380086 0 0
v -0.138386 -0.0120061 0.352417 0 0
v -0.13672 -0.0443248 0.37225 0 0
v -0.135857 -0.207817 0.382532 0 0
v -0.137499 -0.345945 0.362975 0 0
v -0.139743 -0.491972 0.33626 0 0
v -0.137767 -0.583153 0.35978 0 0
v -0.138669 0.0108634 0.333831 0 0
v -0.135809 -0.548922 0.353012 0 0
v -0.132552 -0.279417 0.377418 0 0
v -0.134544 -0.403631 0.35304 0 0
v -0.158443 0.517379 0.042107 0 0
v -0.152708 0.356801 0.112971 0 0
v -0.142053 0.104352 0.244638 0 0
v -0.133979 -0.00444484 0.344406 0 0
v -0.13096 -0.114823 0.381707 0 0
v -0.132924 -0.601622 0.357447 0 0
v -0.152462 0.391732 0.0979843 0 0
v -0.151845 0.385789 0.105676 0 0
v -0.130122 -0.224757 0.376675 0 0
v -0.130197 -0.259771 0.375745 0 0
v -0.132785 -0.439016 0.343459 0 0
v -0.131738 -0.594396 0.356523 0 0
v -0.155537 0.519208 0.040871 0 0
v -0.150865 0.340357 0.0997192 0 0
v -0.128603 -0.132331 0.380124 0 0
v -0.150795 0.412663 0.0820721 0 0
v -0.150296 0.329184 0.0884211 0 0
v -0.135602 0.0813612 0.275308 0 0
v -0.128699 -0.0357847 0.363103 0 0
v -0.127362 -0.162154 0.380103 0 0
v -0.13086 -0.506204 0.335624 0 0
v -0.147295 0.438954 0.0893053 0 0
v -0.127338 -0.013304 0.348182 0 0
v -0.127259 -0.0145619 0.349215 0 0
v -0.125325 -0.0779385 0.374295 0 0
v -0.124974 -0.122487 0.378856 0 0
v -0.126635 -0.377386 0.357301 0 0
v -0.1267 -0.383882 0.356462 0 0
v -0.127334 -0.55558 0.348241 0 0
v -0.124994 -0.0395709 0.3623 0 0
v -0.124156 -0.0779872 0.37328 0 0
v -0.123859 -0.100208 0.377167 0 0
v -0.125953 -0.571534 0.349735 0 0
v -0.125575 -0.601372 0.354683 0 0
v -0.145548 0.418912 0.0736308 0 0
v -0.143793 0.348168 0.0968627 0 0
v -0.127267 0.0342392 0.315589 0 0
v -0.12264 -0.1961 0.376821 0 0
v -0.123918 -0.357916 0.359909 0 0
v -0.14296 0.480198 0.0884802 0 0
v -0.142315 0.351044 0.0970986 0 0
v -0.141638 0.482157 0.086526 0 0
v -0.142319 0.440231 0.0773243 0 0
v -0.142931 0.422869 0.0690581 0 0
v -0.143335 0.326032 0.0636027 0 0
v -0.120078 -0.171095 0.3778 0 0
v -0.121228 -0.423348 0.345103 0 0
v -0.121063 -0.571087 0.347366 0 0
v -0.117608 -0.183568 0.377535 0 0
v -0.117576 -0.193472 0.377975 0 0
v -0.138827 0.32888 0.0643243 0 0
v -0.139469 0.328908 0.0553801 0 0
v -0.122174 0.0568405 0.296515 0 0
v -0.116499 -0.263525 0.375645 0 0
v -0.119692 -0.49477 0.331125 0 0
v -0.119544 -0.510781 0.333186 0 0
v -0.118219 -0.611327 0.351661 0 0
v -0.135798 0.47052 0.0860988 0 0
v -0.118223 -0.458195 0.333786 0 0
v -0.118355 -0.506049 0.331925 0 0
v -0.136043 0.424483 0.0616872 0 0
v -0.13574 0.331561 0.0660027 0 0
v -0.114109 -0.111615 0.374198 0 0
v -0.115544 -0.57772 0.353752 0 0
v -0.13305 0.472657 0.0833869 0 0
v -0.13324 0.401193 0.0806402 0 0
v -0.114414 -0.0372953 0.351832 0 0
v -0.112642 -0.154961 0.37736 0 0
v -0.112624 -0.16738 0.377624 0 0
v -0.112544 -0.202082 0.378776 0 0
v -0.113994 -0.359617 0.357886 0 0
v -0.112968 -0.384344 0.354484 0 0
v -0.113553 -0.416785 0.34596 0 0
v -0.114697 -0.472246 0.329294 0 0
v -0.110097 -0.177275 0.378185 0 0
v -0.114867 0.0662949 0.288575 0 0
v -0.108827 -0.17972 0.378567 0 0
v -0.113382 0.0622621 0.291169 0 0
v -0.109835 -0.0273 0.344637 0 0
v -0.107565 -0.18342 0.378848 0 0
v -0.10899 -0.611729 0.357372 0 0
v -0.124884 0.374651 0.0958172 0 0
v -0.107473 -0.0710204 0.361282 0 0
v -0.10645 -0.137576 0.376879 0 0
v -0.10975 -0.484568 0.326573 0 0
v -0.107757 -0.613146 0.35695 0 0
v -0.105063 -0.175934 0.37908 0 0
v -0.124835 0.459721 0.0509692 0 0
v -0.125299 0.447925 0.0437216 0 0
v -0.121944 0.381897 0.0961019 0 0
v -0.104379 -0.270635 0.370348 0 0
v -0.102535 -0.193264 0.379724 0 0
v -0.121323 0.413094 0.0593147 0 0
v -0.102683 -0.338288 0.357476 0 0
v -0.102831 -0.3577 0.355117 0 0
v -0.120454 0.467602 0.0492746 0 0
v -0.111165 0.124975 0.199707 0 0
v -0.103037 -0.442226 0.331347 0 0
v -0.101246 -0.557794 0.360356 0 0
v -0.118156 0.507549 0.0624323 0 0
v -0.117974 0.490445 0.0654112 0 0
v -0.104236 0.0609684 0.290688 0 0
v -0.101262 -0.0235642 0.339458 0 0
v -0.0992409 -0.110476 0.372604 0 0
v -0.102155 -0.461945 0.324823 0 0
v -0.115132 0.377663 0.0879617 0 0
v -0.0983817 -0.085849 0.366142 0 0
v -0.0982195 -0.26463 0.368836 0 0
v -0.115425 0.410317 0.0583682 0 0
v -0.102298 0.0758987 0.279178 0 0
v -0.100848 0.0344835 0.303571 0 0
v -0.0976308 -0.0686566 0.357691 0 0
v -0.0962918 -0.147233 0.380216 0 0
v -0.0963028 -0.168375 0.380031 0 0
v -0.0972847 -0.283067 0.363514 0 0
v -0.112158 0.386321 0.088665 0 0
v -0.0964664 -0.0662024 0.356067 0 0
v -0.0952646 -0.243454 0.376548 0 0
v -0.0959509 -0.27531 0.364852 0 0
v -0.0962962 -0.319099 0.358967 0 0
v -0.112382 0.503859 0.0594721 0 0
v -0.095222 -0.066214 0.35578 0 0
v -0.0960947 -0.483053 0.318439 0 0
v -0.10794 0.382562 0.085465 0 0
v -0.109935 0.455663 0.0231719 0 0
v -0.107547 0.533224 0.0390646 0 0
v -0.106792 0.514545 0.0528315 0 0
v -0.0889442 -0.178511 0.378259 0 0
v -0.0905759 -0.369271 0.348508 0 0
v -0.0910176 -0.402896 0.340455 0 0
v -0.0921328 -0.452933 0.320121 0 0
v -0.0921788 -0.455737 0.319283 0 0
v -0.0889754 -0.335078 0.35468 0 0
v -0.0879011 -0.61032 0.374546 0 0
v -0.0909371 0.0477583 0.294209 0 0
v -0.0878318 -0.0612928 0.352457 0 0
v -0.0872449 -0.0822237 0.363466 0 0
v -0.0862301 -0.15447 0.382502 0 0
v -0.0866052 -0.200002 0.375467 0 0
v -0.0865241 -0.579525 0.376989 0 0
v -0.0898613 0.0557533 0.289782 0 0
v -0.085178 -0.172221 0.378912 0 0
v -0.0863186 -0.29928 0.357206 0 0
v -0.0859201 -0.0337316 0.340564 0 0
v -0.0844097 -0.0956643 0.369737 0 0
v -0.0871676 -0.455208 0.316471 0 0
v -0.0856671 -0.523521 0.345451 0 0
v -0.0999576 0.529851 0.0404166 0 0
v -0.101388 0.474924 0.0123687 0 0
v -0.0994655 0.355234 0.0500637 0 0
v -0.0847452 -0.0286732 0.338641 0 0
v -0.0864699 0.0679878 0.27895 0 0
v -0.0834264 -0.0312053 0.339527 0 0
v -0.0813281 -0.139686 0.381289 0 0
v -0.0815077 -0.176082 0.377716 0 0
v -0.0817424 -0.205292 0.373045 0 0
v -0.0830346 -0.356859 0.347326 0 0
v -0.0868696 0.0949505 0.244189 0 0
v -0.0810279 -0.263184 0.362263 0 0
v -0.0803552 -0.559995 0.375857 0 0
v -0.0942622 0.371853 0.0647674 0 0
v -0.0952083 0.356094 0.0453429 0 0
v -0.083714 0.0639391 0.281324 0 0
v -0.0813195 -0.0134466 0.330484 0 0
v -0.0792535 -0.211551 0.372901 0 0
v -0.0795703 -0.541956 0.366395 0 0
v -0.0801376 -0.408381 0.328425 0 0
v -0.0808775 -0.450973 0.312992 0 0
v -0.0778139 -0.558392 0.376895 0 0
v -0.0785896 -0.0198072 0.334059 0 0
v -0.0771487 -0.0274165 0.337571 0 0
v -0.0751761 -0.133577 0.380078 0 0
v -0.0756424 -0.211924 0.370029 0 0
v -0.0783345 -0.490077 0.312018 0 0
v -0.0893152 0.359512 0.0430583 0 0
v -0.0769638 0.0097013 0.313683 0 0
v -0.0744182 -0.205745 0.369458 0 0
v -0.0737685 -0.0687246 0.356065 0 0
v -0.0740908 -0.32486 0.348883 0 0
v -0.0716123 -0.120184 0.376363 0 0
v -0.0715247 -0.174769 0.378349 0 0
v -0.0729522 -0.514472 0.345982 0 0
v -0.0710727 -0.564255 0.388596 0 0
v -0.0719158 -0.0350033 0.340621 0 0
v -0.0714086 -0.0612977 0.352326 0 0
v -0.0707301 -0.202175 0.367981 0 0
v -0.0715758 -0.317341 0.348467 0 0
v -0.0731013 -0.434079 0.313268 0 0
v -0.0695363 -0.579059 0.395526 0 0
v -0.073078 0.0559606 0.283424 0 0
v -0.0700898 -0.267099 0.353616 0 0
v -0.0721522 -0.460864 0.305171 0 0
v -0.073717 0.091301 0.236639 0 0
v -0.0680989 -0.190552 0.371029 0 0
v -0.0709257 -0.476959 0.303411 0 0
v -0.0820112 0.514295 0.00156903 0 0
v -0.0680736 -0.0362635 0.341198 0 0
v -0.079924 0.532066 0.0153323 0 0
v -0.0806558 0.513893 -0.00283909 0 0
v -0.0730506 0.114794 0.186012 0 0
v -0.0700826 0.0740873 0.259714 0 0
v -0.0651676 -0.140886 0.381763 0 0
v -0.0683904 -0.470917 0.301736 0 0
v -0.0673629 -0.497203 0.32725 0 0
v -0.0794904 0.469997 -0.012228 0 0
v -0.068024 0.058778 0.278035 0 0
v -0.0664524 0.00193548 0.317818 0 0
v -0.0768352 0.546976 0.0164713 0 0
v -0.0691807 0.100689 0.214076 0 0
v -0.0638432 -0.0600505 0.351866 0 0
v -0.06285 -0.179838 0.377504 0 0
v -0.0641959 -0.506576 0.34276 0 0
v -0.0630671 -0.0312151 0.33901 0 0
v -0.0614357 -0.149556 0.381975 0 0
v -0.0625718 -0.252183 0.352055 0 0
v -0.0727343 0.567328 0.00374925 0 0
v -0.0725688 0.544648 0.00828958 0 0
v -0.0729198 0.531931 -0.0013423 0 0
v -0.0591843 -0.111516 0.375637 0 0
v -0.0591972 -0.185069 0.375285 0 0
v -0.0599823 -0.241823 0.353737 0 0
v -0.0583286 -0.609688 0.399125 0 0
v -0.0577651 -0.1646 0.380494 0 0
v -0.0589865 -0.283516 0.346251 0 0
v -0.0596467 -0.359805 0.327742 0 0
v -0.0566244 -0.11636 0.377586 0 0
v -0.0581319 -0.334099 0.334392 0 0
v -0.0585922 -0.375376 0.321205 0 0
v -0.0553401 -0.170995 0.378752 0 0
v -0.056863 -0.331594 0.334138 0 0
v -0.0570928 -0.354745 0.327405 0 0
v -0.0656596 0.412825 0.0322117 0 0
v -0.0595828 0.0951954 0.214332 0 0
v -0.0567588 -0.44298 0.298964 0 0
v -0.0536384 -0.0637351 0.354655 0 0
v -0.0533001 -0.0859074 0.365032 0 0
v -0.052878 -0.116332 0.377979 0 0
v -0.0515468 -0.131041 0.380713 0 0
v -0.0523957 -0.225365 0.354046 0 0
v -0.0525117 -0.244844 0.350402 0 0
v -0.0622121 0.566054 -0.00257874 0 0
v -0.0504256 -0.169953 0.376823 0 0
v -0.0511308 -0.225355 0.354123 0 0
v -0.0523126 -0.377814 0.316081 0 0
v -0.0528153 -0.432303 0.2999 0 0
v -0.0507208 -0.0109146 0.325989 0 0
v -0.0508155 -0.354422 0.322863 0 0
v -0.048746 -0.546079 0.391164 0 0
v -0.0600896 0.479936 -0.0347357 0 0
v -0.059564 0.449438 -0.0169394 0 0
v -0.04915 -0.0261708 0.335699 0 0
v -0.0504181 -0.459001 0.292759 0 0
v -0.0481859 -0.00963721 0.324833 0 0
v -0.0564194 0.558785 -0.0151429 0 0
v -0.0548116 0.4002 0.0422859 0 0
v -0.0491899 0.0761434 0.243075 0 0
v -0.0470363 -0.00322168 0.319995 0 0
v -0.0471049 -0.485891 0.317547 0 0
v -0.0445827 -0.588126 0.407632 0 0
v -0.055551 0.482747 -0.0400155 0 0
v -0.0452458 -0.0312261 0.338425 0 0
v -0.0442865 -0.102919 0.373654 0 0
v -0.0461427 -0.404887 0.305487 0 0
v -0.0541249 0.498106 -0.0452545 0 0
v -0.0522922 0.376656 0.0239961 0 0
v -0.0437291 -0.263008 0.347578 0 0
v -0.0519018 0.580216 -0.0197945 0 0
v -0.0464836 0.103374 0.191059 0 0
v -0.0408941 -0.601205 0.408577 0 0
v -0.0409025 -0.606212 0.408251 0 0
v -0.0489135 0.399585 0.0379295 0 0
v -0.0440999 0.0807367 0.231018 0 0
v -0.0398271 -0.617014 0.402411 0 0
v -0.0491483 0.595241 -0.0340776 0 0
v -0.0495294 0.497652 -0.0498469 0 0
v -0.0399343 0.0333877 0.293067 0 0
v -0.0393536 -0.00193545 0.317887 0 0
v -0.0380682 -0.170371 0.372833 0 0
v -0.0410687 0.1065 0.185074 0 0
v -0.0361731 -0.556085 0.401423 0 0
v -0.0392052 0.0942301 0.206635 0 0
v -0.0355315 -0.155217 0.374679 0 0
v -0.0359144 -0.509733 0.357166 0 0
v -0.0428823 0.573063 -0.0328929 0 0
v -0.0428568 0.452724 -0.0316875 0 0
v -0.0343667 -0.175583 0.3708 0 0
v -0.0350343 -0.296199 0.339151 0 0
v -0.0334755 -0.588561 0.413045 0 0
v -0.0346438 0.0294145 0.295687 0 0
v -0.0322507 -0.585988 0.41342 0 0
v -0.040061 0.472091 -0.0481 0 0
v -0.0400434 0.470313 -0.0471988 0 0
v -0.0349461 0.0911337 0.213401 0 0
v -0.0387427 0.546352 -0.0615499 0 0
v -0.0371424 0.405535 0.023603 0 0
v -0.0306812 -0.211012 0.367413 0 0
v -0.0298094 -0.608966 0.413799 0 0
v -0.0294566 -0.0921305 0.365875 0 0
v -0.0297279 -0.285262 0.350828 0 0
v -0.0300216 -0.492482 0.334534 0 0
v -0.0290941 -0.528028 0.385987 0 0
v -0.0292879 0.0188744 0.303024 0 0
v -0.0281344 -0.230702 0.369863 0 0
v -0.0341162 0.516504 -0.0686741 0 0
v -0.0269467 -0.0946268 0.366058 0 0
v -0.0269881 -0.509008 0.363548 0 0
v -0.026158 -0.5773 0.413884 0 0
v -0.0321686 0.590803 -0.0457256 0 0
v -0.0324539 0.567548 -0.0638714 0 0
v -0.0268434 0.0307717 0.292921 0 0
v -0.0257345 -0.0885016 0.363441 0 0
v -0.0310051 0.522316 -0.0728474 0 0
v -0.0309379 0.500559 -0.0683546 0 0
v -0.024684 -0.298107 0.349747 0 0
v -0.0240233 -0.535287 0.393923 0 0
v -0.0294348 0.549716 -0.0742447 0 0
v -0.0294471 0.527661 -0.0751076 0 0
v -0.0282775 0.387479 0.00731313 0 0
v -0.0218657 -0.161807 0.371093 0 0
v -0.0217017 -0.521462 0.383314 0 0
v -0.0253063 0.387264 0.00052762 0 0
v -0.0207298 -0.0860603 0.362121 0 0
v -0.0207201 -0.0885317 0.362886 0 0
v -0.0206232 -0.266853 0.370542 0 0
v -0.0247354 0.54019 -0.0804522 0 0
v -0.0245003 0.473409 -0.0606735 0 0
v -0.019291 -0.254517 0.377467 0 0
v -0.0221796 0.39388 0.00585997 0 0
v -0.0206107 0.122954 0.146917 0 0
v -0.0179679 -0.52107 0.384528 0 0
v -0.017835 -0.539354 0.396483 0 0
v -0.0164957 -0.560242 0.407037 0 0
v -0.0199774 0.579346 -0.0835304 0 0
v -0.0199851 0.522014 -0.0843375 0 0
v -0.0192131 0.39118 -0.00381899 0 0
v -0.0152715 -0.560159 0.407272 0 0
v -0.0146597 -0.338449 0.338126 0 0
v -0.0148635 -0.416827 0.315018 0 0
v -0.0143442 -0.51078 0.373893 0 0
v -0.016808 0.586679 -0.0868742 0 0
v -0.0135088 -0.0109357 0.322756 0 0
v -0.0134603 -0.01987 0.328777 0 0
v -0.0131026 -0.17283 0.373183 0 0
v -0.0132216 -0.305357 0.358407 0 0
v -0.0134227 -0.353465 0.333443 0 0
v -0.012529 0.0455 0.280659 0 0
v -0.0124825 0.0348196 0.287039 0 0
v -0.0117872 -0.190457 0.382453 0 0
v -0.0117263 -0.526448 0.390815 0 0
v -0.0115294 -0.61106 0.417828 0 0
v -0.0130577 0.398643 -0.00269961 0 0
v -0.0108744 -0.0249472 0.332154 0 0
v -0.010848 -0.0312677 0.336209 0 0
v -0.0105819 -0.278242 0.377015 0 0
v -0.0106896 -0.306226 0.360496 0 0
v -0.0108436 -0.352737 0.336872 0 0
v -0.0109531 -0.482581 0.320083 0 0
v -0.00940965 -0.0934689 0.364388 0 0
v -0.00940778 -0.0959591 0.364712 0 0
v -0.00924261 -0.231065 0.393422 0 0
v -0.00917053 -0.555732 0.405952 0 0
v -0.0103834 0.491219 -0.0825694 0 0
v -0.00836167 -0.403293 0.322926 0 0
v -0.00831121 -0.489086 0.333046 0 0
v -0.00690013 -0.0934659 0.36444 0 0
v -0.00685717 -0.144001 0.374624 0 0
v -0.00689427 -0.303977 0.365828 0 0
v -0.0071634 0.475174 -0.0752859 0 0
v -0.00599201 0.0659123 0.264075 0 0
v -0.00581818 0.000646459 0.314434 0 0
v -0.00569078 -0.0625989 0.351342 0 0
v -0.00564802 0.538176 -0.10377 0 0
v -0.00440533 -0.0774082 0.359104 0 0
v -0.00450867 -0.468258 0.320615 0 0
v -0.00433673 -0.517311 0.384657 0 0
v -0.00315182 -0.328419 0.356422 0 0
v -0.00320282 -0.391384 0.329827 0 0
v -0.00306389 -0.548435 0.402276 0 0
v -0.00242991 0.554822 -0.111848 0 0
v -0.0018714 -0.155324 0.373554 0 0
v -0.00184132 -0.211749 0.399702 0 0
v -0.00189818 -0.347362 0.350285 0 0
v -0.00191778 -0.38419 0.333247 0 0
v -0.000651096 0.0175812 0.30221 0 0
v -0.000648796 0.0097328 0.308208 0 0
v -0.000624155 -0.151683 0.372462 0 0
v -0.000631801 -0.345627 0.352522 0 0
v -0.000638166 -0.379743 0.335928 0 0
v 0.000814052 0.583637 -0.122381 0 0
v 0.000669345 0.0742924 0.254897 0 0
v 0.00187817 -0.140861 0.367675 0 0
v 0.00188868 -0.335551 0.358537 0 0
v 0.00192307 -0.439094 0.328652 0 0
v 0.0032518 0.0162589 0.304288 0 0
v 0.00497022 0.128516 0.148695 0 0
v 0.00481714 0.102536 0.205715 0 0
v 0.00451715 0.0006453 0.317453 0 0
v 0.00439499 -0.133733 0.362957 0 0
v 0.00448354 -0.459243 0.329976 0 0
v 0.00438815 -0.504639 0.365503 0 0
v 0.00669654 -0.239247 0.412719 0 0
v 0.0106855 0.584412 -0.143131 0 0
v 0.00794077 -0.203405 0.407364 0 0
v 0.00816673 -0.344886 0.362044 0 0
v 0.012433 0.597612 -0.161142 0 0
v 0.00911113 -0.24843 0.416277 0 0
v 0.00935765 -0.322526 0.373426 0 0
v 0.00957459 -0.433409 0.335717 0 0
v 0.00955402 -0.493623 0.339293 0 0
v 0.00914724 -0.617742 0.409999 0 0
v 0.0133065 0.423461 -0.0408688 0 0
v 0.0103194 -0.254341 0.417285 0 0
v 0.0150093 0.44159 -0.0597115 0 0
v 0.0126213 0.0670922 0.26799 0 0
v 0.0122623 0.00451767 0.317261 0 0
v 0.012138 -0.477216 0.334311 0 0
v 0.0120489 -0.496544 0.346535 0 0
v 0.0131434 -0.113283 0.368124 0 0
v 0.0151895 0.0574558 0.278075 0 0
v 0.0146326 -0.425616 0.341211 0 0
v 0.0139906 -0.560231 0.413988 0 0
v 0.0139793 -0.610834 0.415266 0 0
v 0.0200267 0.467021 -0.0886595 0 0
v 0.016771 0.0811716 0.250886 0 0
v 0.0167143 0.0768855 0.256804 0 0
v 0.0157242 -0.0773629 0.360063 0 0
v 0.0158551 -0.396375 0.346417 0 0
v 0.0158562 -0.496616 0.346295 0 0
v 0.0181587 0.084068 0.246442 0 0
v 0.0170424 -0.0637511 0.354244 0 0
v 0.0168359 -0.510687 0.374188 0 0
v 0.0164335 -0.558131 0.41304 0 0
v 0.0164085 -0.607116 0.415452 0 0
v 0.0199115 0.10505 0.209785 0 0
v 0.018148 -0.113269 0.368337 0 0
v 0.0180905 -0.346215 0.373508 0 0
v 0.0181266 -0.353156 0.370263 0 0
v 0.018454 -0.490621 0.340828 0 0
v 0.0177053 -0.546421 0.408143 0 0
v 0.0198514 -0.0134477 0.330338 0 0
v 0.0193997 -0.112018 0.368326 0 0
v 0.0187198 -0.261473 0.425515 0 0
v 0.0243943 0.0573594 0.280963 0 0
v 0.0223434 -0.27114 0.425484 0 0
v 0.023117 -0.363 0.370969 0 0
v 0.023161 -0.368698 0.367868 0 0
v 0.0234609 -0.467314 0.346741 0 0
v 0.0257681 0.0614469 0.277272 0 0
v 0.0252281 0.0148781 0.313373 0 0
v 0.0246887 -0.453892 0.349436 0 0
v 0.0246616 -0.498924 0.351244 0 0
v 0.0328722 0.454598 -0.0904694 0 0
v 0.0259151 -0.432971 0.35196 0 0
v 0.0346829 0.46701 -0.103036 0 0
v 0.0345114 0.455069 -0.0926347 0 0
v 0.0266516 -0.346471 0.383951 0 0
v 0.026257 -0.547734 0.407878 0 0
v 0.0281898 -0.113385 0.366657 0 0
v 0.0285471 -0.4853 0.345952 0 0
v 0.0274082 -0.563388 0.411945 0 0
v 0.0273936 -0.587438 0.41279 0 0
v 0.0303444 0.0109756 0.31663 0 0
v 0.0296612 -0.0662643 0.354532 0 0
v 0.0281918 -0.246528 0.436045 0 0
v 0.031841 -0.136729 0.372147 0 0
v 0.0309052 -0.291478 0.419989 0 0
v 0.0313501 -0.327639 0.39724 0 0
v 0.0314476 -0.338524 0.392259 0 0
v 0.0318299 -0.37759 0.372714 0 0
v 0.0320093 -0.396037 0.363539 0 0
v 0.0317542 -0.236659 0.437843 0 0
v 0.0333462 -0.42595 0.359525 0 0
v 0.0331378 -0.512073 0.369777 0 0
v 0.0323461 -0.610914 0.408725 0 0
v 0.0350593 -0.0286849 0.337964 0 0
v 0.0329565 -0.231894 0.437654 0 0
v 0.034815 -0.494373 0.349547 0 0
v 0.0347187 -0.504368 0.354112 0 0
v 0.0335351 -0.567657 0.410224 0 0
v 0.033525 -0.582115 0.410703 0 0
v 0.0341556 -0.228303 0.437623 0 0
v 0.034117 -0.237621 0.43939 0 0
v 0.0360341 -0.483615 0.351696 0 0
v 0.0360681 -0.490398 0.350142 0 0
v 0.0358554 -0.507636 0.359869 0 0
v 0.0380435 0.00838244 0.31877 0 0
v 0.0368736 -0.13187 0.37047 0 0
v 0.0391263 -0.00705555 0.327611 0 0
v 0.0378592 -0.140886 0.381768 0 0
v 0.040565 0.00450721 0.321157 0 0
v 0.0384799 -0.561318 0.407452 0 0
v 0.0388515 -0.245661 0.441545 0 0
v 0.0465809 0.125838 0.187272 0 0
v 0.0449918 0.087969 0.249114 0 0
v 0.0447304 0.0807817 0.259287 0 0
v 0.04202 -0.122297 0.364761 0 0
v 0.0409395 -0.572542 0.406811 0 0
v 0.0458606 0.0751048 0.267038 0 0
v 0.0422101 -0.589105 0.404982 0 0
v 0.0478373 0.0923057 0.24326 0 0
v 0.0458572 0.0135633 0.315978 0 0
v 0.0451558 -0.0387958 0.341735 0 0
v 0.0445238 -0.460915 0.364943 0 0
v 0.043465 -0.595653 0.403827 0 0
v 0.0439661 -0.19333 0.429658 0 0
v 0.0482998 0.00579594 0.320875 0 0
v 0.0473261 -0.494084 0.354725 0 0
v 0.049718 0.0135594 0.316464 0 0
v 0.0478175 -0.394339 0.380818 0 0
v 0.0481052 -0.446691 0.371078 0 0
v 0.0480628 -0.161223 0.413715 0 0
v 0.0474175 -0.201074 0.435011 0 0
v 0.0484405 -0.358705 0.401249 0 0
v 0.0488043 -0.531905 0.389242 0 0
v 0.0516662 -0.0287034 0.336891 0 0
v 0.051153 -0.086518 0.353411 0 0
v 0.0488311 -0.185076 0.428154 0 0
v 0.0519198 -0.126984 0.369001 0 0
v 0.0508452 -0.211157 0.440339 0 0
v 0.0524469 -0.383171 0.391207 0 0
v 0.0530945 -0.459111 0.371342 0 0
v 0.0527465 -0.313448 0.419211 0 0
v 0.0541516 -0.441304 0.377102 0 0
v 0.0587453 0.066666 0.278993 0 0
v 0.053608 -0.183713 0.429495 0 0
v 0.055159 -0.407185 0.384057 0 0
v 0.0552844 -0.42923 0.380385 0 0
v 0.0568905 -0.473254 0.369961 0 0
v 0.0608548 0.0477677 0.293875 0 0
v 0.0569998 -0.145257 0.401953 0 0
v 0.0579878 -0.524384 0.374254 0 0
v 0.0610278 -0.003212 0.325045 0 0
v 0.0600591 -0.0929335 0.351632 0 0
v 0.059455 -0.521326 0.368212 0 0
v 0.0627222 0.0174587 0.314034 0 0
v 0.0578668 -0.218939 0.444548 0 0
v 0.0626036 -0.0942216 0.351217 0 0
v 0.0597384 -0.301106 0.426677 0 0
v 0.0601528 -0.336005 0.415763 0 0
v 0.0642301 -0.0476956 0.341877 0 0
v 0.0620298 -0.38262 0.398679 0 0
v 0.0636181 -0.514613 0.357678 0 0
v 0.0622984 -0.597695 0.391745 0 0
v 0.0693018 0.0975607 0.245689 0 0
v 0.0613528 -0.25792 0.446909 0 0
v 0.0637987 -0.437919 0.384995 0 0
v 0.0641171 -0.465005 0.376933 0 0
v 0.0634739 -0.5688 0.393217 0 0
v 0.0648015 -0.412878 0.390857 0 0
v 0.0652434 -0.534996 0.379882 0 0
v 0.0649957 -0.615911 0.386035 0 0
v 0.0643976 -0.178748 0.430776 0 0
v 0.0666939 -0.475583 0.374821 0 0
v 0.0660029 -0.573053 0.391658 0 0
v 0.0733653 0.098942 0.245056 0 0
v 0.0658316 -0.311039 0.425265 0 0
v 0.0679433 -0.476849 0.374754 0 0
v 0.0683234 -0.523395 0.365661 0 0
v 0.0780904 0.14 0.165685 0 0
v 0.066013 -0.234911 0.449378 0 0
v 0.0685138 -0.426514 0.390635 0 0
v 0.0792057 0.138084 0.172416 0 0
v 0.0685031 -0.157011 0.419367 0 0
v 0.0695832 -0.407031 0.394445 0 0
v 0.0707298 -0.135924 0.396371 0 0
v 0.0683984 -0.231365 0.44923 0 0
v 0.0707327 -0.401639 0.396305 0 0
v 0.0695359 -0.238324 0.450392 0 0
v 0.0723468 -0.440883 0.387749 0 0
v 0.0729159 -0.480497 0.375068 0 0
v 0.0729555 -0.482005 0.374185 0 0
v 0.0753639 -0.0816969 0.34874 0 0
v 0.0743891 -0.408833 0.397038 0 0
v 0.0778167 -0.103123 0.350443 0 0
v 0.0851114 0.115071 0.224678 0 0
v 0.0767792 -0.408465 0.398479 0 0
v 0.0773036 -0.447124 0.38754 0 0
v 0.0810451 -0.0312694 0.336118 0 0
v 0.0776285 -0.139976 0.406262 0 0
v 0.0779427 -0.404443 0.399812 0 0
v 0.0779819 -0.409559 0.399006 0 0
v 0.0832986 0.0122688 0.316369 0 0
v 0.083196 0.00838408 0.318442 0 0
v 0.0800956 -0.468776 0.381107 0 0
v 0.0838113 -0.0172741 0.331868 0 0
v 0.0790398 -0.320382 0.426838 0 0
v 0.081415 -0.556232 0.379563 0 0
v 0.0867601 0.0476202 0.299143 0 0
v 0.0842308 -0.0892973 0.348728 0 0
v 0.0842015 -0.0930648 0.349302 0 0
v 0.0828023 -0.607009 0.376733 0 0
v 0.0886955 0.0213646 0.311969 0 0
v 0.08819 0.00321857 0.32159 0 0
v 0.0871477 -0.0667921 0.341425 0 0
v 0.0829408 -0.342055 0.421491 0 0
v 0.0834397 -0.372129 0.411996 0 0
v 0.09501 0.120984 0.21781 0 0
v 0.0881764 -0.0869077 0.345995 0 0
v 0.0850193 -0.318973 0.427838 0 0
v 0.0886394 -0.533722 0.360895 0 0
v 0.087747 -0.573156 0.377396 0 0
v 0.0942969 0.0718766 0.280664 0 0
v 0.0911976 -0.0312496 0.337174 0 0
v 0.0888382 -0.467798 0.380194 0 0
v 0.0962051 0.0829354 0.270066 0 0
v 0.0915288 -0.523292 0.354154 0 0
v 0.0904396 -0.596901 0.37374 0 0
v 0.0884986 -0.165559 0.430294 0 0
v 0.0898027 -0.390367 0.407164 0 0
v 0.0927837 -0.529561 0.354288 0 0
v 0.0917745 -0.607459 0.37219 0 0
v 0.0898946 -0.15988 0.426934 0 0
v 0.0995379 0.0718518 0.281257 0 0
v 0.100492 0.0650244 0.28746 0 0
v 0.0910876 -0.225635 0.447731 0 0
v 0.0910001 -0.249209 0.449223 0 0
v 0.102398 0.075973 0.277493 0 0
v 0.0995155 -0.00449429 0.325989 0 0
v 0.0991583 -0.0172727 0.331998 0 0
v 0.0971726 -0.113473 0.3654 0 0
v 0.0940437 -0.358579 0.418034 0 0
v 0.0969675 -0.553653 0.368851 0 0
v 0.0968305 -0.561616 0.371156 0 0
v 0.0935186 -0.229329 0.446907 0 0
v 0.0934884 -0.234019 0.447408 0 0
v 0.0951797 -0.352225 0.41932 0 0
v 0.0960315 -0.394524 0.405173 0 0
v 0.104294 0.0623143 0.289736 0 0
v 0.101393 -0.0325222 0.337321 0 0
v 0.0970307 -0.378969 0.408849 0 0
v 0.0977195 -0.427139 0.397553 0 0
v 0.0990502 -0.481546 0.375732 0 0
v 0.099668 -0.549741 0.365602 0 0
v 0.103071 -0.0147245 0.330787 0 0
v 0.101415 -0.477211 0.377764 0 0
v 0.104883 -0.0781856 0.342624 0 0
v 0.100426 -0.141814 0.413054 0 0
v 0.09893 -0.287197 0.436697 0 0
v 0.0989521 -0.28846 0.436348 0 0
v 0.104388 -0.530795 0.350454 0 0
v 0.109342 0.0582721 0.292855 0 0
v 0.107238 -0.00449504 0.325707 0 0
v 0.0996853 -0.22265 0.443626 0 0
v 0.0996591 -0.224979 0.444035 0 0
v 0.101237 -0.340082 0.419405 0 0
v 0.101418 -0.354051 0.416577 0 0
v 0.102108 -0.411487 0.405807 0 0
v 0.107655 -0.0465019 0.339086 0 0
v 0.10745 -0.0832897 0.342248 0 0
v 0.103922 -0.433519 0.396688 0 0
v 0.110352 0.0122613 0.317389 0 0
v 0.108892 -0.0579483 0.339655 0 0
v 0.108725 -0.0871068 0.342205 0 0
v 0.102494 -0.176817 0.437209 0 0
v 0.102347 -0.273524 0.439449 0 0
v 0.114173 0.0745757 0.279248 0 0
v 0.11 -0.0858379 0.342152 0 0
v 0.107123 -0.121984 0.385503 0 0
v 0.10649 -0.127418 0.395053 0 0
v 0.108504 -0.509907 0.364692 0 0
v 0.105275 -0.308608 0.431485 0 0
v 0.114314 -0.0287383 0.334874 0 0
v 0.113219 -0.103099 0.35083 0 0
v 0.106933 -0.219243 0.44239 0 0
v 0.10717 -0.268822 0.438944 0 0
v 0.109 -0.351359 0.412279 0 0
v 0.115357 -0.0465252 0.338254 0 0
v 0.10901 -0.314985 0.429682 0 0
v 0.112531 -0.484318 0.378964 0 0
v 0.116579 -0.0592449 0.339007 0 0
v 0.116355 -0.0921942 0.342189 0 0
v 0.112122 -0.429494 0.402509 0 0
v 0.12132 0.0609878 0.290145 0 0
v 0.112283 -0.147486 0.417503 0 0
v 0.111043 -0.291112 0.434986 0 0
v 0.111335 -0.312339 0.430875 0 0
v 0.119797 -0.0134532 0.329663 0 0
v 0.113989 -0.405362 0.410644 0 0
v 0.117873 -0.598188 0.356496 0 0
v 0.115522 -0.422357 0.40632 0 0
v 0.125302 0.061011 0.289493 0 0
v 0.115073 -0.163271 0.429135 0 0
v 0.114144 -0.226495 0.441817 0 0
v 0.114226 -0.249384 0.440693 0 0
v 0.118986 -0.492766 0.375711 0 0
v 0.12106 -0.621779 0.347405 0 0
v 0.123501 -0.0198371 0.331546 0 0
v 0.126933 0.0397071 0.302779 0 0
v 0.124524 -0.0351222 0.334987 0 0
v 0.116596 -0.236182 0.440986 0 0
v 0.116957 -0.283697 0.43616 0 0
v 0.121094 -0.478787 0.380849 0 0
v 0.119176 -0.329699 0.422678 0 0
v 0.131049 0.0691467 0.282956 0 0
v 0.126489 -0.0947076 0.342712 0 0
v 0.124291 -0.500286 0.371508 0 0
v 0.120178 -0.230192 0.441065 0 0
v 0.13148 0.0252597 0.311257 0 0
v 0.122886 -0.281139 0.437043 0 0
v 0.133627 0.0135564 0.316843 0 0
v 0.132035 -0.0733526 0.336905 0 0
v 0.125013 -0.32431 0.425346 0 0
v 0.131329 -0.551329 0.345791 0 0
v 0.13878 0.0856584 0.268669 0 0
v 0.132375 -0.609937 0.348577 0 0
v 0.138869 0.0664728 0.283981 0 0
v 0.137231 0.0357711 0.304222 0 0
v 0.126351 -0.274858 0.438666 0 0
v 0.133545 -0.567723 0.349774 0 0
v 0.138141 0.0278876 0.309006 0 0
v 0.144328 0.0884594 0.26583 0 0
v 0.141644 0.0437334 0.298086 0 0
v 0.139442 -0.00578335 0.324539 0 0
v 0.145917 0.0732884 0.27848 0 0
v 0.14157 -0.0185771 0.329757 0 0
v 0.141014 -0.0631694 0.336317 0 0
v 0.137702 -0.495353 0.375397 0 0
v 0.138798 -0.514368 0.36247 0 0
v 0.141038 -0.541816 0.336037 0 0
v 0.1401 -0.104918 0.36193 0 0
v 0.140159 -0.516013 0.361234 0 0
v 0.135143 -0.187999 0.433929 0 0
v 0.137049 -0.374599 0.411851 0 0
v 0.13988 -0.488024 0.379044 0 0
v 0.154282 0.11894 0.227896 0 0
v 0.136755 -0.163262 0.429218 0 0
v 0.151177 0.0719575 0.278731 0 0
v 0.146226 -0.0900341 0.335104 0 0
v 0.137349 -0.217719 0.43617 0 0
v 0.144443 -0.520374 0.355398 0 0
v 0.147346 -0.536441 0.336874 0 0
v 0.147412 -0.55072 0.33613 0 0
v 0.152301 0.0464092 0.295705 0 0
v 0.150225 0.000644735 0.318929 0 0
v 0.148293 -0.564532 0.340551 0 0
v 0.157602 0.0985851 0.251388 0 0
v 0.140564 -0.264977 0.440431 0 0
v 0.160264 0.111576 0.236854 0 0
v 0.159513 0.104323 0.245121 0 0
v 0.14572 -0.449458 0.396862 0 0
v 0.143024 -0.245954 0.439691 0 0
v 0.15789 0.0530667 0.291807 0 0
v 0.153171 -0.0972416 0.342856 0 0
v 0.145218 -0.16691 0.428902 0 0
v 0.153751 -0.605435 0.336584 0 0
v 0.163942 0.0943502 0.255289 0 0
v 0.15637 -0.059357 0.335867 0 0
v 0.14745 -0.175135 0.430797 0 0
v 0.147053 -0.211876 0.435028 0 0
v 0.159408 -0.00064542 0.317273 0 0
v 0.148774 -0.170457 0.429535 0 0
v 0.150336 -0.412054 0.413043 0 0
v 0.157686 -0.566267 0.33545 0 0
v 0.157667 -0.571303 0.335657 0 0
v 0.157638 -0.578858 0.33596 0 0
v 0.159149 -0.0709461 0.333503 0 0
v 0.159344 -0.0838317 0.331461 0 0
v 0.149485 -0.203516 0.434697 0 0
v 0.149462 -0.207086 0.434937 0 0
v 0.149162 -0.24381 0.438085 0 0
v 0.149056 -0.255609 0.439196 0 0
v 0.150071 -0.323648 0.428559 0 0
v 0.158349 -0.531011 0.341878 0 0
v 0.162677 0.0149066 0.310138 0 0
v 0.15277 -0.365797 0.413045 0 0
v 0.155019 -0.460115 0.389689 0 0
v 0.160908 -0.542985 0.328508 0 0
v 0.152446 -0.327185 0.428937 0 0
v 0.162898 -0.0479112 0.334383 0 0
v 0.163207 -0.0787235 0.331222 0 0
v 0.153571 -0.174047 0.429756 0 0
v 0.157161 -0.454226 0.393043 0 0
v 0.169489 0.0666084 0.280481 0 0
v 0.164414 -0.0748499 0.331967 0 0
v 0.158069 -0.126087 0.396333 0 0
v 0.154118 -0.28125 0.436423 0 0
v 0.155519 -0.214363 0.434397 0 0
v 0.176816 0.11178 0.233635 0 0
v 0.16765 -0.0224818 0.325206 0 0
v 0.156777 -0.195221 0.433817 0 0
v 0.156428 -0.261912 0.437309 0 0
v 0.159445 -0.42702 0.407164 0 0
v 0.158688 -0.339701 0.426786 0 0
v 0.176301 0.0831608 0.265364 0 0
v 0.173909 0.0531569 0.288903 0 0
v 0.159321 -0.289183 0.432429 0 0
v 0.16411 -0.479944 0.385314 0 0
v 0.17334 0.021424 0.307271 0 0
v 0.160373 -0.237256 0.4339 0 0
v 0.162765 -0.416361 0.410545 0 0
v 0.171534 -0.559572 0.324914 0 0
v 0.164298 -0.138645 0.407501 0 0
v 0.164653 -0.430301 0.40406 0 0
v 0.167076 -0.448206 0.39253 0 0
v 0.167652 -0.474497 0.386987 0 0
v 0.174165 -0.562339 0.324326 0 0
v 0.175316 -0.613285 0.325602 0 0
v 0.167494 -0.39285 0.411942 0 0
v 0.185985 0.0946711 0.249356 0 0
v 0.178303 -0.0186671 0.321663 0 0
v 0.16759 -0.161539 0.422511 0 0
v 0.173821 -0.511422 0.363859 0 0
v 0.179046 -0.0352959 0.32675 0 0
v 0.173541 -0.115072 0.378202 0 0
v 0.167739 -0.261528 0.432426 0 0
v 0.167756 -0.320479 0.432267 0 0
v 0.170252 -0.41312 0.408937 0 0
v 0.1707 -0.425221 0.404749 0 0
v 0.168975 -0.303674 0.432109 0 0
v 0.171224 -0.389367 0.411241 0 0
v 0.185735 0.0505357 0.288774 0 0
v 0.170495 -0.182544 0.429191 0 0
v 0.172355 -0.369679 0.412054 0 0
v 0.181862 -0.541729 0.324463 0 0
v 0.172654 -0.159326 0.42046 0 0
v 0.173734 -0.395626 0.410578 0 0
v 0.183822 -0.0659708 0.33001 0 0
v 0.177438 -0.445758 0.388006 0 0
v 0.187829 0.0214476 0.305408 0 0
v 0.176068 -0.37224 0.411523 0 0
v 0.188253 0.00323454 0.313263 0 0
v 0.177869 -0.139973 0.406295 0 0
v 0.175343 -0.211496 0.428936 0 0
v 0.174897 -0.309526 0.432927 0 0
v 0.188055 -0.553824 0.315038 0 0
v 0.193012 0.0586282 0.282424 0 0
v 0.176751 -0.226217 0.427127 0 0
v 0.176228 -0.292911 0.431785 0 0
v 0.196241 0.0640922 0.277207 0 0
v 0.17906 -0.21644 0.428039 0 0
v 0.180861 -0.365984 0.412233 0 0
v 0.182116 -0.420033 0.401209 0 0
v 0.197106 0.0586705 0.281185 0 0
v 0.187164 -0.110796 0.367885 0 0
v 0.193208 -0.595134 0.315177 0 0
v 0.181526 -0.208061 0.427569 0 0
v 0.181811 -0.23859 0.425096 0 0
v 0.181263 -0.333018 0.429846 0 0
v 0.186222 -0.479476 0.386889 0 0
v 0.185523 -0.13899 0.403549 0 0
v 0.182056 -0.309435 0.433388 0 0
v 0.197642 0.00712804 0.310418 0 0
v 0.187289 -0.134479 0.398928 0 0
v 0.183269 -0.303445 0.433293 0 0
v 0.185353 -0.356728 0.415477 0 0
v 0.197453 -0.565169 0.312036 0 0
v 0.199573 0.017552 0.305029 0 0
v 0.185024 -0.275427 0.428591 0 0
v 0.212323 0.121622 0.208409 0 0
v 0.191259 -0.442556 0.386155 0 0
v 0.201809 0.00973353 0.30808 0 0
v 0.194127 -0.114229 0.372486 0 0
v 0.187841 -0.245824 0.425185 0 0
v 0.200859 -0.0969 0.326807 0 0
v 0.189907 -0.164424 0.418038 0 0
v 0.193479 -0.472879 0.388285 0 0
v 0.20284 -0.604631 0.310304 0 0
v 0.203565 -0.0174485 0.315028 0 0
v 0.190203 -0.239716 0.42563 0 0
v 0.190251 -0.245816 0.425239 0 0
v 0.190921 -0.282467 0.429656 0 0
v 0.209307 0.0413365 0.289227 0 0
v 0.196278 -0.146138 0.405717 0 0
v 0.193951 -0.260414 0.424618 0 0
v 0.203354 -0.523907 0.348236 0 0
v 0.195113 -0.245854 0.424994 0 0
v 0.210103 -0.0290913 0.314421 0 0
v 0.218105 0.0700336 0.26093 0 0
v 0.215559 0.0481217 0.28123 0 0
v 0.198896 -0.162402 0.414091 0 0
v 0.197379 -0.272226 0.42619 0 0
v 0.197055 -0.282627 0.428769 0 0
v 0.205732 -0.512756 0.359589 0 0
v 0.203425 -0.470536 0.387844 0 0
v 0.206769 -0.510952 0.36134 0 0
v 0.213988 -0.0471939 0.314372 0 0
v 0.204794 -0.459703 0.386802 0 0
v 0.204713 -0.46447 0.387436 0 0
v 0.229203 0.120452 0.205369 0 0
v 0.20219 -0.175474 0.416875 0 0
v 0.201711 -0.202922 0.42063 0 0
v 0.201518 -0.216042 0.422139 0 0
v 0.209282 -0.51095 0.361347 0 0
v 0.217385 -0.00324456 0.308063 0 0
v 0.210127 -0.112277 0.364555 0 0
v 0.203486 -0.17433 0.416239 0 0
v 0.217804 -0.55979 0.304799 0 0
v 0.231518 0.117476 0.20876 0 0
v 0.218071 -0.0575915 0.312795 0 0
v 0.218065 -0.0588841 0.312843 0 0
v 0.208619 -0.47357 0.385929 0 0
v 0.21878 -0.0780897 0.317297 0 0
v 0.206786 -0.157987 0.409551 0 0
v 0.207298 -0.174471 0.414957 0 0
v 0.207004 -0.188792 0.417209 0 0
v 0.20797 -0.358002 0.40982 0 0
v 0.224672 0.00195364 0.302034 0 0
v 0.223688 -0.0486277 0.309473 0 0
v 0.208843 -0.259691 0.421664 0 0
v 0.223074 -0.548956 0.314109 0 0
v 0.233581 0.0854893 0.244878 0 0
v 0.225063 -0.0538334 0.308885 0 0
v 0.212109 -0.378372 0.406221 0 0
v 0.225274 -0.0845583 0.317 0 0
v 0.210758 -0.283225 0.425443 0 0
v 0.210396 -0.303236 0.428147 0 0
v 0.213662 -0.173486 0.412845 0 0
v 0.2413 0.108687 0.217698 0 0
v 0.238523 0.0925711 0.23821 0 0
v 0.229022 -0.0655277 0.30838 0 0
v 0.224809 -0.106354 0.339501 0 0
v 0.213715 -0.229456 0.421443 0 0
v 0.21389 -0.262364 0.42015 0 0
v 0.230296 -0.606076 0.298973 0 0
v 0.215053 -0.225957 0.420509 0 0
v 0.231637 -0.595731 0.298707 0 0
v 0.23167 -0.604952 0.298465 0 0
v 0.231872 -0.618543 0.296983 0 0
v 0.217579 -0.172479 0.410912 0 0
v 0.236807 0.0349602 0.280118 0 0
v 0.218141 -0.204773 0.415686 0 0
v 0.217937 -0.21308 0.417167 0 0
v 0.22451 -0.125004 0.378457 0 0
v 0.238247 0.0203462 0.28872 0 0
v 0.222335 -0.396282 0.403019 0 0
v 0.250542 0.111886 0.210271 0 0
v 0.237992 -0.00978052 0.299921 0 0
v 0.236994 -0.0720721 0.307051 0 0
v 0.222293 -0.190624 0.412065 0 0
v 0.22099 -0.285168 0.421373 0 0
v 0.238269 -0.0733634 0.30722 0 0
v 0.23585 -0.541748 0.324404 0 0
v 0.239926 -0.598181 0.295445 0 0
v 0.22648 -0.150373 0.399693 0 0
v 0.242467 -0.581007 0.295964 0 0
v 0.245859 0.0257064 0.281393 0 0
v 0.243052 -0.0254129 0.301017 0 0
v 0.226186 -0.229825 0.418909 0 0
v 0.247984 0.0324033 0.275781 0 0
v 0.247828 0.0310611 0.276866 0 0
v 0.231142 -0.143616 0.392883 0 0
v 0.233904 -0.454709 0.373683 0 0
v 0.245126 -0.561503 0.295652 0 0
v 0.263685 0.129395 0.17634 0 0
v 0.246878 -0.605734 0.292582 0 0
v 0.251049 0.035107 0.272897 0 0
v 0.235019 -0.135802 0.383178 0 0
v 0.231449 -0.185037 0.407736 0 0
v 0.247944 -0.0696326 0.30321 0 0
v 0.232129 -0.205321 0.411442 0 0
v 0.251643 0.00985545 0.286889 0 0
v 0.244481 -0.109155 0.335645 0 0
v 0.23302 -0.270741 0.413669 0 0
v 0.259871 0.0718506 0.249162 0 0
v 0.235503 -0.263496 0.413337 0 0
v 0.236765 -0.318745 0.404837 0 0
v 0.239412 -0.153248 0.395294 0 0
v 0.239061 -0.386554 0.397643 0 0
v 0.240101 -0.405899 0.39891 0 0
v 0.250695 -0.53409 0.32826 0 0
v 0.240975 -0.1723 0.401258 0 0
v 0.241991 -0.374994 0.394515 0 0
v 0.241872 -0.378502 0.395304 0 0
v 0.257733 -0.585638 0.290074 0 0
v 0.260889 0.0178329 0.277901 0 0
v 0.242193 -0.175973 0.401314 0 0
v 0.242178 -0.318203 0.401412 0 0
v 0.259054 -0.576477 0.290015 0 0
v 0.260503 -0.0282157 0.289114 0 0
v 0.243992 -0.337409 0.397552 0 0
v 0.24894 -0.467154 0.365055 0 0
v 0.259426 -0.550872 0.296183 0 0
v 0.244653 -0.314554 0.401264 0 0
v 0.245797 -0.377628 0.393788 0 0
v 0.264827 0.0125479 0.278062 0 0
v 0.257599 -0.0957163 0.32506 0 0
v 0.245733 -0.189355 0.402213 0 0
v 0.2473 -0.182253 0.400008 0 0
v 0.246848 -0.194171 0.40293 0 0
v 0.267566 -0.559457 0.285899 0 0
v 0.269156 -0.0375108 0.284147 0 0
v 0.250303 -0.201344 0.404331 0 0
v 0.251876 -0.345482 0.394309 0 0
v 0.269245 -0.603662 0.283578 0 0
v 0.276982 0.0707617 0.242851 0 0
v 0.283167 0.0980459 0.212308 0 0
v 0.256342 -0.378644 0.389465 0 0
v 0.273304 -0.594684 0.282892 0 0
v 0.255768 -0.198113 0.400776 0 0
v 0.262743 -0.473189 0.357163 0 0
v 0.281318 0.0543835 0.249419 0 0
v 0.276577 -0.0349847 0.278919 0 0
v 0.259061 -0.374062 0.387914 0 0
v 0.273785 -0.0695843 0.304385 0 0
v 0.26981 -0.0980546 0.329003 0 0
v 0.261032 -0.158107 0.383369 0 0
v 0.260347 -0.370423 0.387609 0 0
v 0.267741 -0.505591 0.341819 0 0
v 0.260517 -0.184148 0.394188 0 0
v 0.26734 -0.482223 0.35213 0 0
v 0.279326 -0.614782 0.278247 0 0
v 0.29816 0.115756 0.170805 0 0
v 0.28503 0.0449342 0.251356 0 0
v 0.261074 -0.268446 0.398326 0 0
v 0.26137 -0.332709 0.396509 0 0
v 0.279882 -0.569642 0.282942 0 0
v 0.271121 -0.49843 0.344482 0 0
v 0.281883 -0.598755 0.278762 0 0
v 0.291898 0.0796084 0.225922 0 0
v 0.282708 -0.567393 0.281774 0 0
v 0.282695 -0.579228 0.281853 0 0
v 0.28684 -0.0258355 0.272767 0 0
v 0.285494 -0.569011 0.280869 0 0
v 0.286244 -0.60488 0.276355 0 0
v 0.282954 -0.0669984 0.303998 0 0
v 0.276205 -0.126356 0.344453 0 0
v 0.282199 -0.51855 0.316263 0 0
v 0.270567 -0.194142 0.393025 0 0
v 0.297531 0.0519499 0.240887 0 0
v 0.296508 0.0180716 0.254852 0 0
v 0.272103 -0.208223 0.398492 0 0
v 0.27526 -0.40823 0.379912 0 0
v 0.279062 -0.441586 0.357532 0 0
v 0.292668 -0.584675 0.277454 0 0
v 0.296352 -0.000666003 0.263609 0 0
v 0.274875 -0.190869 0.389446 0 0
v 0.273804 -0.316875 0.395721 0 0
v 0.294024 -0.0493329 0.284959 0 0
v 0.277779 -0.398336 0.379718 0 0
v 0.28275 -0.144209 0.358063 0 0
v 0.276574 -0.302445 0.393929 0 0
v 0.279206 -0.381188 0.378645 0 0
v 0.279204 -0.392378 0.378656 0 0
v 0.296862 -0.561328 0.276116 0 0
v 0.296796 -0.579711 0.2765 0 0
v 0.324927 0.109744 0.129804 0 0
v 0.287563 -0.132673 0.34486 0 0
v 0.300514 -0.605671 0.270322 0 0
v 0.282703 -0.180806 0.379987 0 0
v 0.307226 0.0275629 0.247162 0 0
v 0.281344 -0.245638 0.394828 0 0
v 0.28166 -0.250844 0.393028 0 0
v 0.303406 -0.606149 0.268957 0 0
v 0.308735 0.0289229 0.246231 0 0
v 0.301011 -0.0544312 0.290105 0 0
v 0.29285 -0.119309 0.336468 0 0
v 0.291835 -0.131612 0.342229 0 0
v 0.287873 -0.170476 0.37183 0 0
v 0.283629 -0.218413 0.395832 0 0
v 0.287545 -0.382354 0.373687 0 0
v 0.305651 -0.55362 0.27128 0 0
v 0.309902 0.00602398 0.254812 0 0
v 0.305094 -0.0467855 0.281886 0 0
v 0.287848 -0.183402 0.379005 0 0
v 0.28676 -0.193857 0.385133 0 0
v 0.307086 -0.588304 0.270671 0 0
v 0.334373 0.107143 0.1251 0 0
v 0.287651 -0.256721 0.38708 0 0
v 0.287244 -0.318131 0.389362 0 0
v 0.299382 -0.0968023 0.328494 0 0
v 0.29608 -0.434293 0.34693 0 0
v 0.326534 0.0856367 0.184675 0 0
v 0.289976 -0.310998 0.38791 0 0
v 0.29749 -0.458604 0.346139 0 0
v 0.300468 -0.483696 0.329583 0 0
v 0.301555 -0.103079 0.330659 0 0
v 0.300642 -0.123193 0.335714 0 0
v 0.300483 -0.12568 0.336596 0 0
v 0.30089 -0.136768 0.341385 0 0
v 0.292857 -0.299048 0.385664 0 0
v 0.336733 0.0971207 0.151622 0 0
v 0.3266 0.0680703 0.207239 0 0
v 0.307335 -0.0869817 0.320062 0 0
v 0.299277 -0.16501 0.364108 0 0
v 0.314107 -0.514293 0.283046 0 0
v 0.305497 -0.132021 0.337082 0 0
v 0.318696 -0.0377665 0.272449 0 0
v 0.301162 -0.370035 0.367493 0 0
v 0.301522 -0.375492 0.365545 0 0
v 0.307083 -0.451368 0.335397 0 0
v 0.300328 -0.281674 0.378756 0 0
v 0.32232 -0.535865 0.260039 0 0
v 0.306526 -0.154843 0.352125 0 0
v 0.323187 -0.547086 0.262552 0 0
v 0.310174 -0.4159 0.339361 0 0
v 0.345272 0.0896718 0.159008 0 0
v 0.333713 0.0525479 0.220638 0 0
v 0.327427 -0.00736544 0.254158 0 0
v 0.304941 -0.31866 0.374054 0 0
v 0.308079 -0.387461 0.357323 0 0
v 0.325411 -0.563647 0.264905 0 0
v 0.309948 -0.159708 0.35409 0 0
v 0.304919 -0.225429 0.380792 0 0
v 0.305956 -0.287262 0.375287 0 0
v 0.326948 -0.567997 0.263813 0 0
v 0.316335 -0.107156 0.326985 0 0
v 0.316156 -0.429023 0.327933 0 0
v 0.325645 -0.0559189 0.284704 0 0
v 0.308984 -0.315226 0.372468 0 0
v 0.310843 -0.357312 0.362676 0 0
v 0.310914 -0.361163 0.362299 0 0
v 0.318033 -0.436251 0.324803 0 0
v 0.33896 0.0484229 0.221753 0 0
v 0.33613 0.0250238 0.236601 0 0
v 0.314783 -0.156441 0.348593 0 0
v 0.312496 -0.365312 0.360591 0 0
v 0.312791 -0.373209 0.359043 0 0
v 0.312541 -0.328826 0.366924 0 0
v 0.338732 0.0209595 0.237138 0 0
v 0.312656 -0.19658 0.372844 0 0
v 0.314492 -0.338345 0.363293 0 0
v 0.350008 0.0700016 0.192884 0 0
v 0.32274 -0.143795 0.33367 0 0
v 0.315488 -0.286751 0.371111 0 0
v 0.315349 -0.300362 0.371831 0 0
v 0.316544 -0.327826 0.365663 0 0
v 0.339443 -0.535715 0.247434 0 0
v 0.337991 -0.565549 0.254931 0 0
v 0.338497 -0.575781 0.252314 0 0
v 0.344009 0.0291763 0.230864 0 0
v 0.328612 -0.0849077 0.310044 0 0
v 0.326108 -0.108703 0.322924 0 0
v 0.316883 -0.283133 0.370363 0 0
v 0.339874 -0.550368 0.252128 0 0
v 0.343267 0.00202316 0.241616 0 0
v 0.333683 -0.0662121 0.290712 0 0
v 0.341704 -0.547129 0.249624 0 0
v 0.321336 -0.249648 0.360402 0 0
v 0.343045 -0.567266 0.249631 0 0
v 0.330409 -0.110136 0.320677 0 0
v 0.32242 -0.231916 0.361283 0 0
v 0.321291 -0.316281 0.367022 0 0
v 0.34517 -0.0234582 0.252468 0 0
v 0.347446 -0.522855 0.240946 0 0
v 0.346303 -0.552068 0.246731 0 0
v 0.32398 -0.273847 0.366096 0 0
v 0.336748 -0.474834 0.301702 0 0
v 0.34726 -0.0314474 0.255438 0 0
v 0.327385 -0.228981 0.355282 0 0
v 0.350708 -0.533157 0.238116 0 0
v 0.336584 -0.425737 0.31556 0 0
v 0.358839 0.0445976 0.211052 0 0
v 0.345466 -0.0587886 0.277724 0 0
v 0.338976 -0.450456 0.310076 0 0
v 0.33913 -0.453254 0.309309 0 0
v 0.337115 -0.150899 0.32576 0 0
v 0.360891 0.0362945 0.214478 0 0
v 0.341191 -0.42924 0.311946 0 0
v 0.341252 -0.431908 0.311643 0 0
v 0.357036 -0.572478 0.233551 0 0
v 0.354358 -0.0328234 0.253431 0 0
v 0.347703 -0.0690147 0.286233 0 0
v 0.342479 -0.100348 0.311978 0 0
v 0.331843 -0.281659 0.364404 0 0
v 0.336643 -0.225062 0.346996 0 0
v 0.336644 -0.227599 0.346987 0 0
v 0.340152 -0.170395 0.336032 0 0
v 0.33569 -0.265151 0.357858 0 0
v 0.335059 -0.273453 0.360947 0 0
v 0.337806 -0.2749 0.359816 0 0
v 0.337702 -0.29997 0.360322 0 0
v 0.367822 -0.527507 0.220704 0 0
v 0.344247 -0.327703 0.340902 0 0
v 0.351409 -0.443645 0.306386 0 0
v 0.377903 0.0480208 0.185403 0 0
v 0.3467 -0.206232 0.335231 0 0
v 0.374627 0.0254333 0.207739 0 0
v 0.363316 -0.0553307 0.261849 0 0
v 0.34896 -0.19657 0.330532 0 0
v 0.345516 -0.25042 0.347005 0 0
v 0.344923 -0.298261 0.355876 0 0
v 0.367719 -0.0488953 0.253602 0 0
v 0.355231 -0.142998 0.312909 0 0
v 0.354853 -0.169993 0.314707 0 0
v 0.353152 -0.196196 0.322786 0 0
v 0.34782 -0.256589 0.348107 0 0
v 0.346162 -0.291936 0.355983 0 0
v 0.392704 0.0577296 0.141711 0 0
v 0.379557 0.0227321 0.203921 0 0
v 0.358171 -0.105956 0.305122 0 0
v 0.357145 -0.386962 0.309976 0 0
v 0.376092 -0.0102014 0.226754 0 0
v 0.376861 -0.0142596 0.229535 0 0
v 0.362128 -0.413022 0.298748 0 0
v 0.365286 -0.089846 0.290073 0 0
v 0.363977 -0.401878 0.2962 0 0
v 0.368472 -0.0899833 0.28746 0 0
v 0.378156 -0.0517193 0.248695 0 0
v 0.36337 -0.195562 0.31717 0 0
v 0.366302 -0.376712 0.303593 0 0
v 0.3778 -0.477115 0.250345 0 0
v 0.367974 -0.136936 0.30787 0 0
v 0.371609 -0.413554 0.291155 0 0
v 0.36716 -0.219267 0.32344 0 0
v 0.371764 -0.366555 0.302419 0 0
v 0.375026 -0.422314 0.287525 0 0
v 0.39871 0.0215707 0.185731 0 0
v 0.367386 -0.234024 0.328266 0 0
v 0.376919 -0.411125 0.284887 0 0
v 0.380368 -0.449405 0.269194 0 0
v 0.373083 -0.149882 0.308245 0 0
v 0.379244 -0.383201 0.280309 0 0
v 0.385894 -0.465086 0.250155 0 0
v 0.396126 -0.506352 0.203759 0 0
v 0.384652 -0.0766638 0.261832 0 0
v 0.408398 -0.527485 0.173521 0 0
v 0.397114 -0.0453265 0.236091 0 0
v 0.3765 -0.282856 0.327654 0 0
v 0.391477 -0.439494 0.261129 0 0
v 0.377985 -0.277873 0.326759 0 0
v 0.391366 -0.417945 0.267522 0 0
v 0.379584 -0.271682 0.325367 0 0
v 0.394221 -0.0937355 0.266658 0 0
v 0.381656 -0.288977 0.321903 0 0
v 0.382914 -0.304136 0.316373 0 0
v 0.401835 -0.0709121 0.239118 0 0
v 0.39987 -0.0813182 0.247728 0 0
v 0.382497 -0.26164 0.323861 0 0
v 0.425303 -0.533952 0.136277 0 0
v 0.393398 -0.117953 0.281866 0 0
v 0.389328 -0.14934 0.299642 0 0
v 0.386955 -0.191209 0.310003 0 0
v 0.397802 -0.372481 0.262633 0 0
v 0.400241 -0.430977 0.257815 0 0
v 0.402124 -0.443746 0.249619 0 0
v 0.398155 -0.111961 0.272661 0 0
v 0.38864 -0.294228 0.313942 0 0
v 0.401353 -0.425395 0.258787 0 0
v 0.390829 -0.221016 0.310071 0 0
v 0.430536 -0.524782 0.138379 0 0
v 0.40264 -0.10848 0.264755 0 0
v 0.391986 -0.294799 0.310671 0 0
v 0.422078 -0.493004 0.186975 0 0
v 0.407831 -0.364972 0.253927 0 0
v 0.410689 -0.436315 0.24169 0 0
v 0.412475 -0.44363 0.234046 0 0
v 0.430065 -0.502095 0.158736 0 0
v 0.408801 -0.39542 0.255504 0 0
v 0.423847 -0.486279 0.191298 0 0
v 0.417526 -0.0647064 0.224082 0 0
v 0.399079 -0.233718 0.302549 0 0
v 0.440991 -0.54138 0.130376 0 0
v 0.421133 -0.0662073 0.220356 0 0
v 0.401648 -0.248019 0.302696 0 0
v 0.408484 -0.313149 0.273809 0 0
v 0.412173 -0.334682 0.258217 0 0
v 0.415291 -0.417983 0.245043 0 0
v 0.448537 -0.00647969 0.122804 0 0
v 0.410126 -0.284136 0.28905 0 0
v 0.427496 -0.449384 0.216589 0 0
v 0.413079 -0.165363 0.282231 0 0
v 0.412125 -0.28198 0.286199 0 0
v 0.428348 -0.426986 0.224399 0 0
v 0.426575 -0.361676 0.237351 0 0
v 0.42964 -0.402491 0.230297 0 0
v 0.419872 -0.193736 0.275977 0 0
v 0.45487 -0.516281 0.138141 0 0
v 0.450093 -0.0457841 0.163459 0 0
v 0.443039 -0.0644798 0.192242 0 0
v 0.436419 -0.424125 0.219254 0 0
v 0.434848 -0.348014 0.2312 0 0
v 0.434867 -0.360241 0.231122 0 0
v 0.428353 -0.253814 0.26304 0 0
v 0.434363 -0.32763 0.23867 0 0
v 0.433066 -0.317581 0.249374 0 0
v 0.467155 -0.558414 0.111569 0 0
v 0.430791 -0.191093 0.26395 0 0
v 0.440897 -0.379567 0.223224 0 0
v 0.461266 -0.0518836 0.146868 0 0
v 0.434114 -0.229431 0.255954 0 0
v 0.442569 -0.373012 0.221986 0 0
v 0.463189 -0.510293 0.139142 0 0
v 0.465026 -0.536678 0.131764 0 0
v 0.449271 -0.0931668 0.200604 0 0
v 0.435928 -0.243075 0.254046 0 0
v 0.435335 -0.253444 0.25642 0 0
v 0.438791 -0.316118 0.242579 0 0
v 0.4459 -0.414393 0.214105 0 0
v 0.466225 -0.486216 0.13842 0 0
v 0.437496 -0.198376 0.258466 0 0
v 0.43803 -0.210656 0.256338 0 0
v 0.470081 -0.540414 0.128754 0 0
v 0.455733 -0.0936438 0.191392 0 0
v 0.439829 -0.172049 0.254508 0 0
v 0.450765 -0.408227 0.211108 0 0
v 0.451527 -0.338133 0.218926 0 0
v 0.452157 -0.131623 0.221822 0 0
v 0.443744 -0.197443 0.254909 0 0
v 0.475642 -0.537339 0.129465 0 0
v 0.474611 -0.496022 0.139131 0 0
v 0.468316 -0.104303 0.174794 0 0
v 0.450935 -0.244678 0.242532 0 0
v 0.454929 -0.24673 0.237506 0 0
v 0.456096 -0.175006 0.238218 0 0
v 0.457259 -0.209437 0.244131 0 0
v 0.471104 -0.148298 0.201564 0 0
v 0.487485 -0.494622 0.139028 0 0
v 0.472176 -0.290199 0.202733 0 0
v 0.489113 -0.486257 0.138264 0 0
v 0.493119 -0.440003 0.128479 0 0
v 0.490957 -0.468088 0.136687 0 0
v 0.501373 -0.386399 0.102677 0 0
v 0.493298 -0.491871 0.138637 0 0
v 0.487306 -0.285372 0.171833 0 0
v 0.496344 -0.484917 0.137926 0 0
v 0.486824 -0.242364 0.178881 0 0
v 0.513745 -0.35601 0.0781722 0 0
v 0.50983 -0.376703 0.09282 0 0
v 0.527157 -0.331076 0.0336437 0 0
v 0.513263 -0.375612 0.0909315 0 0
v 0.510036 -0.469977 0.134862 0 0
v 0.533031 -0.345689 0.0616485 0 0
v 0.512921 -0.488599 0.134776 0 0
v 0.545545 -0.324603 0.0271486 0 0
v 0.516082 -0.465977 0.133695 0 0
v 0.526879 -0.394615 0.105159 0 0
v 0.555797 -0.317271 0.00666034 0 0
v 0.525243 -0.47365 0.131662 0 0
v 0.537412 -0.376554 0.0935744 0 0
v 0.565757 -0.318382 0.00927436 0 0
v 0.537648 -0.39979 0.108181 0 0
v 0.536262 -0.408891 0.113059 0 0
v 0.532665 -0.483783 0.125718 0 0
v 0.540703 -0.390791 0.102554 0 0
v 0.560914 -0.334751 0.0473968 0 0
v 0.545878 -0.386997 0.0997405 0 0
v 0.538507 -0.46661 0.1254 0 0
v 0.539052 -0.47284 0.123503 0 0
v 0.541352 -0.487868 0.115494 0 0
v 0.540142 -0.459589 0.124713 0 0
v 0.560646 -0.356775 0.0740448 0 0
v 0.573193 -0.330659 0.0361162 0 0
v 0.569146 -0.350985 0.0652393 0 0
v 0.567004 -0.369913 0.0825191 0 0
v 0.569234 -0.367462 0.0799575 0 0
v 0.560791 -0.417147 0.108437 0 0
v 0.574541 -0.355103 0.0670578 0 0
v 0.567613 -0.392289 0.0952806 0 0
v 0.565906 -0.402762 0.10101 0 0
v 0.569171 -0.425243 0.104689 0 0
v 0.579199 -0.369654 0.0762119 0 0
v 0.577026 -0.387861 0.0882984 0 0
v 0.575064 -0.417632 0.0996282 0 0
v 0.585278 -0.451626 0.0852897 0 0
v 0.603289 -0.3511 0.0313083 0 0
v 0.602269 -0.364354 0.0492828 0 0
v 0.60781 -0.433936 0.0459015 0 0
