v -0.845456 -0.218957 1.07365 0 298.139
v -0.809901 -0.216879 1.10113 0 376.492
v -0.845456 -0.216879 1.07407 0 682.876
v -0.880142 -0.216879 1.04583 0 522.786
v -0.809901 -0.214801 1.10153 0 373.458
v -0.845456 -0.214801 1.07449 0 837.62
v -0.880142 -0.214801 1.04626 0 785.002
v -0.913924 -0.214801 1.01689 0 382.991
v -0.845456 -0.212722 1.0749 0 417.354
v -0.880142 -0.212722 1.04669 0 459.824
v -0.913924 -0.212722 1.01732 0 314.842
v -0.913924 -0.204402 1.01903 0 366.211
v -0.946766 -0.204402 0.98859 0 377.056
v -0.978636 -0.204402 0.957052 0 377.056
v -0.913924 -0.20232 1.01944 0 359.021
v -0.946766 -0.20232 0.989018 0 433.91
v -0.978636 -0.20232 0.957494 0 433.91
v -0.946766 -0.200239 0.989441 0 332.755
v -0.978636 -0.200239 0.957931 0 332.755
v -1.02701 -0.302657 0.914397 0 357.238
v -1.05735 -0.302657 0.879133 0 598.219
v -1.08661 -0.302657 0.842703 0 474.167
v -1.05735 -0.300566 0.87985 0 456.955
v -1.08661 -0.300566 0.843451 0 495.02
v -1.08661 -0.298474 0.844193 0 369.431
v -0.963184 -0.296382 0.98331 0 397.756
v -0.995606 -0.296382 0.950468 0 397.756
v -1.02701 -0.296382 0.91645 0 299.241
v -0.963184 -0.294289 0.983938 0 359.862
v -0.995606 -0.294289 0.951118 0 359.862
v 9.27875 -2.93597 12.5179 1 312.741
v 8.4359 -2.91228 13.106 2 412.741
v 8.86188 -2.91228 12.8218 3 700.687
v 9.27875 -2.91228 12.5234 1 840.715
v 9.68609 -2.91228 12.2111 4 735.696
v 10.0835 -2.91228 11.8851 5 491.952
v 10.4705 -2.91228 11.5456 6 491.952
v 8.86188 -2.88858 12.8272 3 510.079
v 9.27875 -2.88858 12.5289 1 557.995
v 9.68609 -2.88858 12.2167 4 462.267
v 8.87529 -2.94041 12.8358 3 640.088
v 9.2928 -2.94041 12.5368 1 990.22
v 9.70075 -2.94041 12.2239 4 946.593
v 10.0987 -2.94041 11.8972 5 622.761
v 10.4863 -2.94041 11.557 6 622.761
v 8.44867 -2.91669 13.1258 2 849.748
v 8.87529 -2.91669 12.8412 3 2059.27
v 9.2928 -2.91669 12.5424 1 2743.94
v 9.70075 -2.91669 12.2296 4 2087.02
v 10.0987 -2.91669 11.9031 5 1043.93
v 10.4863 -2.91669 11.563 6 1043.93
v 10.8632 -2.91669 11.2098 7 460.142
v 8.44867 -2.89295 13.1311 2 651.149
v 8.87529 -2.89295 12.8466 3 1553.12
v 9.2928 -2.89295 12.5479 1 1823.69
v 9.70075 -2.89295 12.2352 4 1172.03
v 10.0987 -2.89295 11.9088 5 452.672
v 10.4863 -2.89295 11.569 6 452.672
v 8.46144 -2.94486 13.1404 2 726.436
v 8.88871 -2.94486 12.8552 3 1031.28
v 9.30684 -2.94486 12.5558 1 799.418
v 9.71541 -2.94486 12.2424 4 740.015
v 10.114 -2.94486 11.9152 5 715.069
v 10.5022 -2.94486 11.5745 6 715.069
v 10.8796 -2.94486 11.2205 7 548.597
v 8.46144 -2.92109 13.1457 2 1039
v 8.88871 -2.92109 12.8606 3 2644.58
v 9.30684 -2.92109 12.5613 1 3512.25
v 9.71541 -2.92109 12.2481 4 2499.29
v 10.114 -2.92109 11.921 5 1152.26
v 10.5022 -2.92109 11.5805 6 1152.26
v 10.8796 -2.92109 11.2267 7 555.943
v 8.46144 -2.89732 13.1509 2 632.936
v 8.88871 -2.89732 12.866 3 2223.86
v 9.30684 -2.89732 12.5668 1 3033.31
v 9.71541 -2.89732 12.2537 4 1794.29
v 10.114 -2.89732 11.9268 5 557.406
v 10.5022 -2.89732 11.5865 6 557.406
v 8.88871 -2.87354 12.8713 3 448.264
v 9.30684 -2.87354 12.5723 1 534.089
v 8.88871 -2.84976 12.8766 3 448.264
v 9.30684 -2.84976 12.5777 1 534.089
v 8.88871 -2.68309 12.9124 3 401.362
v 8.47421 -2.99688 13.1494 2 334.786
v 8.90212 -2.99688 12.8636 3 702.074
v 9.32089 -2.99688 12.5635 1 1018.86
v 9.73007 -2.99688 12.2493 4 570.017
v 8.03759 -2.9731 13.4261 8 488.293
v 8.47421 -2.9731 13.1548 2 1857.42
v 8.90212 -2.9731 12.8691 3 3013.27
v 9.32089 -2.9731 12.5691 1 2533.32
v 9.73007 -2.9731 12.2551 4 1385.54
v 10.1293 -2.9731 11.9273 5 803.028
v 10.518 -2.9731 11.5859 6 803.028
v 10.896 -2.9731 11.2311 7 409.706
v 8.03759 -2.9493 13.4313 8 679.55
v 8.47421 -2.9493 13.1602 2 3042.03
v 8.90212 -2.9493 12.8746 3 3962.21
v 9.32089 -2.9493 12.5747 1 988.863
v 9.73007 -2.9493 12.2608 4 491.07
v 10.1293 -2.9493 11.9332 5 1251.34
v 10.518 -2.9493 11.592 6 1251.34
v 10.896 -2.9493 11.2374 7 698.584
v 8.03759 -2.9255 13.4365 8 314.655
v 8.47421 -2.9255 13.1655 2 1886.7
v 8.90212 -2.9255 12.88 3 2926.11
v 9.32089 -2.9255 12.5803 1 1390.77
v 9.73007 -2.9255 12.2666 4 970.596
v 10.1293 -2.9255 11.939 5 968.319
v 10.518 -2.9255 11.598 6 968.319
v 10.896 -2.9255 11.2436 7 417.31
v 8.47421 -2.9017 13.1708 2 455.3
v 8.90212 -2.9017 12.8854 3 1788.22
v 9.32089 -2.9017 12.5858 1 2526.04
v 9.73007 -2.9017 12.2722 4 1473.36
v 10.1293 -2.9017 11.9448 5 393.727
v 10.518 -2.9017 11.604 6 393.727
v 8.90212 -2.87788 12.8907 3 481.489
v 9.32089 -2.87788 12.5913 1 793.934
v 9.73007 -2.87788 12.2778 4 408.492
v 8.90212 -2.85406 12.896 3 481.489
v 9.32089 -2.85406 12.5967 1 793.934
v 9.73007 -2.85406 12.2834 4 408.492
v 8.48698 -3.0014 13.1693 2 1194.45
v 8.91553 -3.0014 12.883 3 2405.61
v 9.33493 -3.0014 12.5824 1 2661.88
v 9.74474 -3.0014 12.2678 4 1415.82
v 10.1445 -3.0014 11.9393 5 354.567
v 10.5339 -3.0014 11.5972 6 354.567
v 8.0497 -2.97758 13.4463 8 836.274
v 8.48698 -2.97758 13.1747 2 4986.07
v 8.91553 -2.97758 12.8885 3 10308.6
v 9.33493 -2.97758 12.5881 1 9563.92
v 9.74474 -2.97758 12.2736 4 4739.9
v 10.1445 -2.97758 11.9452 5 1781.42
v 10.5339 -2.97758 11.6033 6 1781.42
v 10.9124 -2.97758 11.2481 7 598.348
v 8.0497 -2.95375 13.4515 8 1036.23
v 8.48698 -2.95375 13.18 2 6657.24
v 8.91553 -2.95375 12.894 3 12487.9
v 9.33493 -2.95375 12.5937 1 8270.76
v 9.74474 -2.95375 12.2793 4 3599.98
v 10.1445 -2.95375 11.9512 5 2465.57
v 10.5339 -2.95375 11.6094 6 2465.57
v 10.9124 -2.95375 11.2543 7 799.105
v 8.0497 -2.92991 13.4568 8 518.724
v 8.48698 -2.92991 13.1853 2 3310.03
v 8.91553 -2.92991 12.8994 3 5178.07
v 9.33493 -2.92991 12.5992 1 1664.51
v 9.74474 -2.92991 12.285 4 438.807
v 10.1445 -2.92991 11.957 5 1140.11
v 10.5339 -2.92991 11.6155 6 1140.11
v 8.48698 -2.90607 13.1906 2 458.671
v 8.91553 -2.90607 12.9048 3 819.449
v 9.33493 -2.90607 12.6048 1 692.107
v 9.33493 -2.88222 12.6102 1 549.965
v 9.33493 -2.85836 12.6157 1 549.965
v 8.49974 -3.00591 13.1891 2 1096.8
v 8.92895 -3.00591 12.9024 3 2997.21
v 9.34898 -3.00591 12.6013 1 3452.42
v 9.7594 -3.00591 12.2862 4 2032.57
v 10.1598 -3.00591 11.9572 5 947.961
v 10.5497 -3.00591 11.6146 6 947.961
v 8.06181 -2.98206 13.4665 8 660.754
v 8.49974 -2.98206 13.1945 2 4824.92
v 8.92895 -2.98206 12.9079 3 12802.8
v 9.34898 -2.98206 12.607 1 13030.3
v 9.7594 -2.98206 12.292 4 6364.26
v 10.1598 -2.98206 11.9632 5 2969.6
v 10.5497 -2.98206 11.6208 6 2969.6
v 10.9289 -2.98206 11.265 7 909.558
v 8.06181 -2.95819 13.4718 8 969.474
v 8.49974 -2.95819 13.1999 2 6531.33
v 8.92895 -2.95819 12.9134 3 15604.9
v 9.34898 -2.95819 12.6126 1 14242.4
v 9.7594 -2.95819 12.2978 4 6562.74
v 10.1598 -2.95819 11.9691 5 3507.07
v 10.5497 -2.95819 11.6269 6 3507.07
v 10.9289 -2.95819 11.2713 7 1164.47
v 8.06181 -2.93432 13.477 8 629.253
v 8.49974 -2.93432 13.2052 2 3351.5
v 8.92895 -2.93432 12.9188 3 6434.33
v 9.34898 -2.93432 12.6182 1 4834.23
v 9.7594 -2.93432 12.3035 4 2216.45
v 10.1598 -2.93432 11.975 5 1691.84
v 10.5497 -2.93432 11.6329 6 1691.84
v 10.9289 -2.93432 11.2775 7 597.87
v 8.49974 -2.91044 13.2105 2 500.501
v 8.92895 -2.91044 12.9242 3 548.029
v 8.92895 -2.81486 12.9454 3 558.825
v 8.92895 -2.79095 12.9506 3 528.872
v 8.51251 -3.01043 13.2089 2 500.449
v 8.94236 -3.01043 12.9217 3 1396.36
v 9.36302 -3.01043 12.6203 1 1778.63
v 9.77406 -3.01043 12.3047 4 1826.35
v 10.1751 -3.01043 11.9752 5 1432.04
v 10.5656 -3.01043 11.6321 6 1432.04
v 8.07392 -2.98654 13.4868 8 610.711
v 8.51251 -2.98654 13.2143 2 2489.96
v 8.94236 -2.98654 12.9273 3 5900.66
v 9.36302 -2.98654 12.6259 1 6446.72
v 9.77406 -2.98654 12.3105 4 4185.34
v 10.1751 -2.98654 11.9812 5 2803.41
v 10.5656 -2.98654 11.6383 6 2803.41
v 10.9453 -2.98654 11.2819 7 470.114
v 11.6705 -2.98654 10.5299 9 357.966
v 8.07392 -2.96263 13.492 8 1048.29
v 8.51251 -2.96263 13.2197 2 3644.59
v 8.94236 -2.96263 12.9328 3 7210.32
v 9.36302 -2.96263 12.6316 1 7824.34
v 9.77406 -2.96263 12.3163 4 4713.75
v 10.1751 -2.96263 11.9871 5 2677.49
v 10.5656 -2.96263 11.6444 6 2677.49
v 10.9453 -2.96263 11.2882 7 526.74
v 8.07392 -2.93873 13.4972 8 643.881
v 8.51251 -2.93873 13.225 2 2115.05
v 8.94236 -2.93873 12.9382 3 3365.73
v 9.36302 -2.93873 12.6372 1 3555.52
v 9.77406 -2.93873 12.322 4 2512.33
v 10.1751 -2.93873 11.993 5 1564.11
v 10.5656 -2.93873 11.6504 6 1564.11
v 10.9453 -2.93873 11.2945 7 493.868
v 8.51251 -2.91481 13.2303 2 397.788
v 8.94236 -2.91481 12.9436 3 516.331
v 9.36302 -2.91481 12.6427 1 502.977
v 9.77406 -2.91481 12.3277 4 539.383
v 10.1751 -2.91481 11.9988 5 528.836
v 10.5656 -2.91481 11.6564 6 528.836
v 10.9453 -2.91481 11.3007 7 299.311
v 9.36302 -2.84303 12.659 1 359.549
v 8.94236 -2.81909 12.9648 3 499.73
v 9.36302 -2.81909 12.6644 1 429.509
v 8.51251 -2.79514 13.2561 2 302.632
v 8.94236 -2.79514 12.97 3 410.732
v 9.78872 -3.03887 12.3173 4 313.268
v 9.37706 -3.01495 12.6392 1 470.381
v 9.78872 -3.01495 12.3231 4 1493.92
v 10.1903 -3.01495 11.9932 5 1576.15
v 10.5814 -3.01495 11.6495 6 1576.15
v 10.9617 -3.01495 11.2925 7 376.67
v 8.08603 -2.99102 13.507 8 528.869
v 8.52528 -2.99102 13.2341 2 487.36
v 8.95577 -2.99102 12.9467 3 313.215
v 9.37706 -2.99102 12.6449 1 795.981
v 9.78872 -2.99102 12.329 4 1894.01
v 10.1903 -2.99102 11.9992 5 2122.95
v 10.5814 -2.99102 11.6557 6 2122.95
v 10.9617 -2.99102 11.2988 7 591.02
v 8.08603 -2.96708 13.5123 8 1227.67
v 8.52528 -2.96708 13.2395 2 1573.59
v 8.95577 -2.96708 12.9522 3 536.487
v 9.37706 -2.96708 12.6505 1 697.551
v 9.78872 -2.96708 12.3347 4 1299.93
v 10.1903 -2.96708 12.0051 5 1029.67
v 10.5814 -2.96708 11.6618 6 1029.67
v 8.08603 -2.94313 13.5175 8 876.399
v 8.52528 -2.94313 13.2449 2 1595.09
v 8.95577 -2.94313 12.9576 3 758.673
v 9.37706 -2.94313 12.6561 1 315.539
v 9.78872 -2.94313 12.3405 4 809.197
v 10.1903 -2.94313 12.011 5 536.572
v 10.5814 -2.94313 11.6679 6 536.572
v 8.52528 -2.91918 13.2502 2 465.766
v 8.95577 -2.91918 12.9631 3 434.834
v 9.37706 -2.84729 12.678 1 350.302
v 9.78872 -2.84729 12.3629 4 302.006
v 9.80338 -3.04342 12.3357 4 381.347
v 10.2056 -3.04342 12.0051 5 352.591
v 10.5973 -3.04342 11.6608 6 352.591
v 9.39111 -3.01946 12.6581 1 502.802
v 9.80338 -3.01946 12.3416 4 2006.28
v 10.2056 -3.01946 12.0111 5 1988.28
v 10.5973 -3.01946 11.667 6 1988.28
v 10.9781 -3.01946 11.3094 7 445.725
v 8.53805 -2.9955 13.2539 2 622.288
v 8.96919 -2.9955 12.9661 3 632.01
v 9.39111 -2.9955 12.6638 1 636.12
v 9.80338 -2.9955 12.3474 4 2051.48
v 10.2056 -2.9955 12.0171 5 2205.12
v 10.5973 -2.9955 11.6732 6 2205.12
v 10.9781 -2.9955 11.3158 7 512.856
v 8.09814 -2.97152 13.5325 8 765.84
v 8.53805 -2.97152 13.2593 2 2145.28
v 8.96919 -2.97152 12.9716 3 1935.78
v 9.39111 -2.97152 12.6695 1 429.413
v 10.2056 -2.97152 12.0231 5 438.638
v 10.5973 -2.97152 11.6793 6 438.638
v 8.09814 -2.94754 13.5377 8 716.986
v 8.53805 -2.94754 13.2647 2 2186.02
v 8.96919 -2.94754 12.9771 3 1903.86
v 9.39111 -2.94754 12.6751 1 409.522
v 10.2056 -2.94754 12.029 5 353.646
v 10.5973 -2.94754 11.6854 6 353.646
v 8.53805 -2.92356 13.27 2 660.211
v 8.96919 -2.92356 12.9825 3 648.458
v 9.80338 -2.92356 12.3647 4 344.119
v 10.2056 -2.92356 12.0348 5 429.55
v 10.5973 -2.92356 11.6914 6 429.55
v 9.81804 -3.04797 12.3542 4 859.181
v 10.2208 -3.04797 12.023 5 914.018
v 10.6131 -3.04797 11.6782 6 914.018
v 10.9945 -3.04797 11.3199 7 393.238
v 11.3646 -3.04797 10.9483 10 362.755
v 9.40515 -3.02398 12.6771 1 644.779
v 9.81804 -3.02398 12.36 4 2431.47
v 10.2208 -3.02398 12.0291 5 2417.66
v 10.6131 -3.02398 11.6844 6 2417.66
v 10.9945 -3.02398 11.3263 7 695.209
v 11.3646 -3.02398 10.9549 10 314.837
v 8.55082 -2.99997 13.2738 2 637.555
v 8.9826 -2.99997 12.9855 3 1275.95
v 9.40515 -2.99997 12.6828 1 1262.87
v 9.81804 -2.99997 12.3659 4 1407.07
v 10.2208 -2.99997 12.0351 5 1171.97
v 10.6131 -2.99997 11.6906 6 1171.97
v 10.9945 -2.99997 11.3327 7 355.623
v 8.11025 -2.97597 13.5527 8 378.512
v 8.55082 -2.97597 13.2792 2 1778.33
v 8.9826 -2.97597 12.991 3 2900.75
v 9.40515 -2.97597 12.6884 1 1751.92
v 10.2208 -2.97597 12.0411 5 326.653
v 10.6131 -2.97597 11.6968 6 326.653
v 8.11025 -2.95195 13.558 8 377.335
v 8.55082 -2.95195 13.2845 2 1594.91
v 8.9826 -2.95195 12.9965 3 2389.32
v 9.40515 -2.95195 12.694 1 1837.1
v 9.81804 -2.95195 12.3774 4 1844.83
v 10.2208 -2.95195 12.047 5 2313.75
v 10.6131 -2.95195 11.7028 6 2313.75
v 10.9945 -2.95195 11.3453 7 891.013
v 8.55082 -2.92793 13.2898 2 500.51
v 8.9826 -2.92793 13.0019 3 829.916
v 9.40515 -2.92793 12.6996 1 1085.06
v 9.81804 -2.92793 12.3832 4 1785.24
v 10.2208 -2.92793 12.0528 5 1943.16
v 10.6131 -2.92793 11.7089 6 1943.16
v 10.9945 -2.92793 11.3515 7 777.115
v 9.81804 -2.9039 12.3888 4 369.358
v 10.2208 -2.9039 12.0586 5 422.336
v 10.6131 -2.9039 11.7149 6 422.336
v 9.81804 -2.87986 12.3944 4 369.358
v 10.2208 -2.87986 12.0644 5 422.336
v 10.6131 -2.87986 11.7208 6 422.336
v 9.8327 -3.07655 12.3667 4 464.599
v 10.2361 -3.07655 12.0349 5 518.425
v 10.629 -3.07655 11.6893 6 518.425
v 11.0109 -3.07655 11.3303 7 378.513
v 9.4192 -3.05252 12.6902 1 418.707
v 9.8327 -3.05252 12.3726 4 1889.08
v 10.2361 -3.05252 12.041 5 2062.13
v 10.629 -3.05252 11.6956 6 2062.13
v 11.0109 -3.05252 11.3368 7 875.05
v 11.3816 -3.05252 10.9646 10 442.703
v 9.4192 -3.02849 12.696 1 657.445
v 9.8327 -3.02849 12.3785 4 2513.31
v 10.2361 -3.02849 12.0471 5 2489.65
v 10.629 -3.02849 11.7019 6 2489.65
v 11.0109 -3.02849 11.3432 7 657.961
v 8.99602 -3.00445 13.0049 3 859.51
v 9.4192 -3.00445 12.7017 1 1313.46
v 9.8327 -3.00445 12.3844 4 764.786
v 8.56359 -2.98041 13.299 2 939.062
v 8.99602 -2.98041 13.0104 3 1957.41
v 9.4192 -2.98041 12.7074 1 2673.46
v 9.8327 -2.98041 12.3902 4 1906.58
v 10.2361 -2.98041 12.059 5 2146.81
v 10.629 -2.98041 11.7142 6 2146.81
v 11.0109 -2.98041 11.3559 7 1705.22
v 11.3816 -2.98041 10.9844 10 360.241
v 8.12236 -2.95636 13.5782 8 347.489
v 8.56359 -2.95636 13.3044 2 999.067
v 8.99602 -2.95636 13.0159 3 1698.51
v 9.4192 -2.95636 12.713 1 3046.9
v 9.8327 -2.95636 12.3959 4 5015.84
v 10.2361 -2.95636 12.065 5 5883.31
v 10.629 -2.95636 11.7203 6 5883.31
v 11.0109 -2.95636 11.3622 7 2844.36
v 11.3816 -2.95636 10.9909 10 340.534
v 8.56359 -2.9323 13.3097 2 459.583
v 8.99602 -2.9323 13.0213 3 824.49
v 9.4192 -2.9323 12.7186 1 1853.65
v 9.8327 -2.9323 12.4016 4 3548.16
v 10.2361 -2.9323 12.0708 5 3638.98
v 10.629 -2.9323 11.7264 6 3638.98
v 11.0109 -2.9323 11.3685 7 1405.39
v 8.99602 -2.90824 13.0267 3 310.81
v 9.4192 -2.90824 12.7241 1 594.02
v 9.8327 -2.90824 12.4073 4 828.084
v 10.2361 -2.90824 12.0767 5 673.473
v 10.629 -2.90824 11.7324 6 673.473
v 8.99602 -2.88416 13.0321 3 310.81
v 9.4192 -2.88416 12.7296 1 594.02
v 9.8327 -2.88416 12.4129 4 828.084
v 10.2361 -2.88416 12.0824 5 673.473
v 10.629 -2.88416 11.7383 6 673.473
v 9.84736 -3.08113 12.3851 4 1072.89
v 10.2514 -3.08113 12.0528 5 1282.33
v 10.6448 -3.08113 11.7068 6 1282.33
v 11.0274 -3.08113 11.3472 7 606.68
v 9.43324 -3.05707 12.7092 1 392.871
v 9.84736 -3.05707 12.3911 4 2213.87
v 10.2514 -3.05707 12.0589 5 3142.97
v 10.6448 -3.05707 11.7131 6 3142.97
v 11.0274 -3.05707 11.3537 7 1628.47
v 11.3986 -3.05707 10.981 10 393.162
v 9.43324 -3.03301 12.7149 1 462.227
v 9.84736 -3.03301 12.397 4 1623.17
v 10.2514 -3.03301 12.065 5 2335.63
v 10.6448 -3.03301 11.7193 6 2335.63
v 11.0274 -3.03301 11.3601 7 1258.91
v 11.3986 -3.03301 10.9876 10 470.921
v 9.00943 -3.00893 13.0242 3 414.932
v 9.43324 -3.00893 12.7206 1 833.425
v 9.84736 -3.00893 12.4028 4 344.692
v 8.57636 -2.98485 13.3188 2 371.156
v 9.00943 -2.98485 13.0298 3 603.702
v 9.43324 -2.98485 12.7263 1 1568.8
v 9.84736 -2.98485 12.4086 4 2347.38
v 10.2514 -2.98485 12.077 5 3303.45
v 10.6448 -2.98485 11.7317 6 3303.45
v 11.0274 -2.98485 11.3729 7 2086.4
v 8.57636 -2.96077 13.3242 2 549.209
v 9.00943 -2.96077 13.0353 3 571.957
v 9.43324 -2.96077 12.7319 1 1959.94
v 9.84736 -2.96077 12.4144 4 4961.95
v 10.2514 -2.96077 12.083 5 6554.67
v 10.6448 -2.96077 11.7378 6 6554.67
v 11.0274 -2.96077 11.3792 7 3445.06
v 11.3986 -2.96077 11.0073 10 412.491
v 8.57636 -2.93667 13.3295 2 405.952
v 9.00943 -2.93667 13.0407 3 446.353
v 9.43324 -2.93667 12.7375 1 1360.28
v 9.84736 -2.93667 12.4201 4 3228.35
v 10.2514 -2.93667 12.0888 5 3416.64
v 10.6448 -2.93667 11.7438 6 3416.64
v 11.0274 -2.93667 11.3854 7 1442.32
v 9.43324 -2.91257 12.743 1 463.43
v 9.84736 -2.91257 12.4258 4 677.189
v 10.2514 -2.91257 12.0947 5 480.601
v 10.6448 -2.91257 11.7498 6 480.601
v 9.43324 -2.88846 12.7485 1 463.43
v 9.84736 -2.88846 12.4314 4 677.189
v 10.2514 -2.88846 12.1004 5 480.601
v 10.6448 -2.88846 11.7558 6 480.601
v 9.86202 -3.08572 12.4035 4 989.145
v 10.2666 -3.08572 12.0708 5 1442.96
v 10.6607 -3.08572 11.7242 6 1442.96
v 11.0438 -3.08572 11.3641 7 569.132
v 9.86202 -3.06163 12.4095 4 1443.92
v 10.2666 -3.06163 12.0769 5 3279.84
v 10.6607 -3.06163 11.7305 6 3279.84
v 11.0438 -3.06163 11.3706 7 2114.26
v 11.4155 -3.06163 10.9973 10 371.487
v 9.86202 -3.03752 12.4154 4 486.524
v 10.2666 -3.03752 12.083 5 2246.91
v 10.6607 -3.03752 11.7368 6 2246.91
v 11.0438 -3.03752 11.377 7 2303.22
v 11.4155 -3.03752 11.004 10 731.807
v 11.0438 -3.01341 11.3835 7 404.262
v 11.4155 -3.01341 11.0106 10 534.642
v 9.86202 -2.9893 12.4271 4 1189.77
v 10.2666 -2.9893 12.095 5 1976.18
v 10.6607 -2.9893 11.7492 6 1976.18
v 11.0438 -2.9893 11.3898 7 1053.25
v 8.58913 -2.96517 13.344 2 333.786
v 9.02284 -2.96517 13.0547 3 332.031
v 9.44729 -2.96517 12.7509 1 535.137
v 9.86202 -2.96517 12.4329 4 2484.14
v 10.2666 -2.96517 12.1009 5 4198.39
v 10.6607 -2.96517 11.7553 6 4198.39
v 11.0438 -2.96517 11.3961 7 2161.81
v 9.44729 -2.94105 12.7565 1 494.788
v 9.86202 -2.94105 12.4386 4 1842.99
v 10.2666 -2.94105 12.1068 5 2245.37
v 10.6607 -2.94105 11.7613 6 2245.37
v 11.0438 -2.94105 11.4024 7 904.969
v 9.86202 -2.91691 12.4443 4 404.047
v 10.2666 -2.91691 12.1127 5 314.264
v 10.6607 -2.91691 11.7673 6 314.264
v 9.86202 -2.89276 12.4499 4 404.047
v 10.2666 -2.89276 12.1185 5 314.264
v 10.6607 -2.89276 11.7733 6 314.264
v 9.87669 -3.09031 12.422 4 346.266
v 10.2819 -3.09031 12.0887 5 736.628
v 10.6765 -3.09031 11.7416 6 736.628
v 9.87669 -3.06618 12.4279 4 563.513
v 10.2819 -3.06618 12.0949 5 2226.3
v 10.6765 -3.06618 11.748 6 2226.3
v 11.0602 -3.06618 11.3875 7 1530.71
v 11.4325 -3.06618 11.0137 10 357.919
v 11.7931 -3.06618 10.6267 9 702.03
v 12.1415 -3.06618 10.2268 11 326.776
v 10.2819 -3.04204 12.1009 5 2050.46
v 10.6765 -3.04204 11.7542 6 2050.46
v 11.0602 -3.04204 11.394 7 2778.34
v 11.4325 -3.04204 11.0203 10 1588.56
v 11.7931 -3.04204 10.6336 9 2061.9
v 12.1415 -3.04204 10.234 11 1090.49
v 9.46133 -3.01789 12.7585 1 317.893
v 9.87669 -3.01789 12.4398 4 538.014
v 11.0602 -3.01789 11.4004 7 1345.29
v 11.4325 -3.01789 11.027 10 1622.09
v 11.7931 -3.01789 10.6405 9 1432.95
v 12.1415 -3.01789 10.2411 11 931.459
v 9.03626 -2.99374 13.0686 3 994.683
v 9.46133 -2.99374 12.7642 1 1704.1
v 9.87669 -2.99374 12.4456 4 1713.99
v 10.2819 -2.99374 12.113 5 877.484
v 10.6765 -2.99374 11.7666 6 877.484
v 11.0602 -2.99374 11.4067 7 383.209
v 11.4325 -2.99374 11.0336 10 430.604
v 8.60189 -2.96958 13.3639 2 370.752
v 9.03626 -2.96958 13.0741 3 1381.76
v 9.46133 -2.96958 12.7698 1 1550.7
v 9.87669 -2.96958 12.4514 4 1832.91
v 10.2819 -2.96958 12.1189 5 2617.2
v 10.6765 -2.96958 11.7727 6 2617.2
v 11.0602 -2.96958 11.4131 7 975.065
v 9.03626 -2.94542 13.0796 3 436.778
v 9.46133 -2.94542 12.7754 1 339.323
v 9.87669 -2.94542 12.4571 4 1125.23
v 10.2819 -2.94542 12.1248 5 1572.66
v 10.6765 -2.94542 11.7788 6 1572.66
v 11.0602 -2.94542 11.4193 7 468.919
v 10.2972 -3.07073 12.1128 5 942.704
v 10.6924 -3.07073 11.7654 6 942.704
v 11.0766 -3.07073 11.4044 7 783.965
v 11.4495 -3.07073 11.03 10 1179.28
v 11.8106 -3.07073 10.6425 9 1687.51
v 12.1595 -3.07073 10.242 11 485.356
v 9.47538 -3.04655 12.7717 1 392.941
v 10.2972 -3.04655 12.1189 5 874.523
v 10.6924 -3.04655 11.7717 6 874.523
v 11.0766 -3.04655 11.4109 7 2270.07
v 11.4495 -3.04655 11.0367 10 4598.18
v 11.8106 -3.04655 10.6494 9 5169.6
v 12.1595 -3.04655 10.2492 11 1591.86
v 9.47538 -3.02237 12.7775 1 714.945
v 9.89135 -3.02237 12.4582 4 865.832
v 11.0766 -3.02237 11.4173 7 1661.78
v 11.4495 -3.02237 11.0434 10 3981.86
v 11.8106 -3.02237 10.6563 9 3713.85
v 12.1595 -3.02237 10.2563 11 1341.18
v 9.04967 -2.99819 13.088 3 1026.47
v 9.47538 -2.99819 12.7832 1 2015.75
v 9.89135 -2.99819 12.4641 4 1836.89
v 10.2972 -2.99819 12.131 5 1320.64
v 10.6924 -2.99819 11.7841 6 1320.64
v 11.0766 -2.99819 11.4237 7 1149.77
v 11.4495 -2.99819 11.0499 10 696.34
v 11.8106 -2.99819 10.6631 9 365.353
v 8.61466 -2.97399 13.3837 2 358.129
v 9.04967 -2.97399 13.0935 3 1434.15
v 9.47538 -2.97399 12.7888 1 1601.23
v 9.89135 -2.97399 12.4699 4 1607.31
v 10.2972 -2.97399 12.1369 5 2925.33
v 10.6924 -2.97399 11.7902 6 2925.33
v 11.0766 -2.97399 11.43 7 1558.65
v 9.04967 -2.94979 13.099 3 417.108
v 9.89135 -2.94979 12.4756 4 979.542
v 10.2972 -2.94979 12.1428 5 1674.55
v 10.6924 -2.94979 11.7963 6 1674.55
v 11.0766 -2.94979 11.4363 7 666.065
v 11.093 -3.07528 11.4213 7 856.484
v 11.4664 -3.07528 11.0464 10 2617.23
v 11.8281 -3.07528 10.6582 9 2572.79
v 12.1775 -3.07528 10.2571 11 828.885
v 9.06308 -3.05107 13.0962 3 343.254
v 9.48942 -3.05107 12.7906 1 489.009
v 10.3124 -3.05107 12.1369 5 341.51
v 10.7082 -3.05107 11.7891 6 341.51
v 11.093 -3.05107 11.4278 7 4093.87
v 11.4664 -3.05107 11.0531 10 10108.6
v 11.8281 -3.05107 10.6652 9 8825.24
v 12.1775 -3.05107 10.2644 11 2469.56
v 9.48942 -3.02685 12.7964 1 768.294
v 9.90601 -3.02685 12.4767 4 822.092
v 10.3124 -3.02685 12.1429 5 517.591
v 10.7082 -3.02685 11.7954 6 517.591
v 11.093 -3.02685 11.4342 7 5031.49
v 11.4664 -3.02685 11.0597 10 10785.8
v 11.8281 -3.02685 10.6721 9 8155.47
v 12.1775 -3.02685 10.2715 11 2131.75
v 9.48942 -3.00263 12.8021 1 690.443
v 9.90601 -3.00263 12.4825 4 1358.23
v 10.3124 -3.00263 12.1489 5 1806.95
v 10.7082 -3.00263 11.8016 6 1806.95
v 11.093 -3.00263 11.4406 7 3030.54
v 11.4664 -3.00263 11.0663 10 3474.81
v 11.8281 -3.00263 10.6789 9 2034.48
v 12.1775 -3.00263 10.2786 11 605.204
v 9.48942 -2.9784 12.8078 1 364.168
v 9.90601 -2.9784 12.4883 4 1213.12
v 10.3124 -2.9784 12.1549 5 2809.63
v 10.7082 -2.9784 11.8077 6 2809.63
v 11.093 -2.9784 11.4469 7 2194.37
v 11.4664 -2.9784 11.0729 10 678.072
v 9.90601 -2.95416 12.4941 4 838.316
v 10.3124 -2.95416 12.1608 5 1606.16
v 10.7082 -2.95416 11.8138 6 1606.16
v 11.093 -2.95416 11.4532 7 1030.01
v 11.4664 -2.95416 11.0794 10 364.9
v 9.92067 -3.10407 12.4773 4 400.782
v 11.1095 -3.10407 11.4316 7 624.528
v 11.4834 -3.10407 11.0559 10 905.51
v 11.8456 -3.10407 10.667 9 756.282
v 12.1956 -3.10407 10.265 11 385.392
v 9.92067 -3.07983 12.4833 4 352.801
v 11.1095 -3.07983 11.4382 7 827.032
v 11.4834 -3.07983 11.0627 10 2779.03
v 11.8456 -3.07983 10.674 9 3205.28
v 12.1956 -3.07983 10.2723 11 1630.52
v 12.533 -3.07983 9.85777 12 420.009
v 9.0765 -3.05559 13.1156 3 505.542
v 9.50347 -3.05559 12.8096 1 1273.29
v 9.92067 -3.05559 12.4892 4 1265.84
v 11.1095 -3.05559 11.4447 7 1146.69
v 11.4834 -3.05559 11.0694 10 6930.11
v 11.8456 -3.05559 10.681 9 8826.27
v 12.1956 -3.05559 10.2796 11 3490.41
v 12.533 -3.05559 9.86531 12 414.636
v 9.0765 -3.03133 13.1212 3 722.866
v 9.50347 -3.03133 12.8153 1 2370.48
v 9.92067 -3.03133 12.4952 4 2665.24
v 10.3277 -3.03133 12.1609 5 668.134
v 10.7241 -3.03133 11.8128 6 668.134
v 11.1095 -3.03133 11.4511 7 1312.23
v 11.4834 -3.03133 11.0761 10 7007.86
v 11.8456 -3.03133 10.6879 9 7857.21
v 12.1956 -3.03133 10.2867 11 2600.28
v 9.0765 -3.00707 13.1268 3 394.6
v 9.50347 -3.00707 12.821 1 1400.57
v 9.92067 -3.00707 12.501 4 2141.03
v 10.3277 -3.00707 12.1669 5 1377.57
v 10.7241 -3.00707 11.819 6 1377.57
v 11.1095 -3.00707 11.4575 7 1253.91
v 11.4834 -3.00707 11.0827 10 2445.25
v 11.8456 -3.00707 10.6947 9 1959.21
v 12.1956 -3.00707 10.2938 11 546.622
v 9.92067 -2.98281 12.5068 4 979.352
v 10.3277 -2.98281 12.1729 5 2043.73
v 10.7241 -2.98281 11.8252 6 2043.73
v 11.1095 -2.98281 11.4639 7 1816.42
v 11.4834 -2.98281 11.0893 10 658.566
v 9.92067 -2.95853 12.5126 4 553.148
v 10.3277 -2.95853 12.1788 5 1396.02
v 10.7241 -2.95853 11.8313 6 1396.02
v 11.1095 -2.95853 11.4702 7 1198.86
v 11.4834 -2.95853 11.0958 10 367.826
v 10.3277 -2.93425 12.1847 5 327.252
v 10.7241 -2.93425 11.8373 6 327.252
v 10.3277 -2.90997 12.1905 5 327.252
v 10.7241 -2.90997 11.8433 6 327.252
v 11.8631 -3.15718 10.6685 9 327.984
v 11.8631 -3.13292 10.6757 9 327.984
v 10.3429 -3.10866 12.1605 5 373.961
v 10.7399 -3.10866 11.8113 6 373.961
v 11.1259 -3.10866 11.4485 7 1352.72
v 11.5004 -3.10866 11.0723 10 1546.11
v 11.8631 -3.10866 10.6828 9 938.465
v 12.2136 -3.10866 10.2802 11 330.755
v 9.93533 -3.08438 12.5017 4 328.282
v 10.3429 -3.08438 12.1667 5 514.56
v 10.7399 -3.08438 11.8177 6 514.56
v 11.1259 -3.08438 11.4551 7 891.244
v 11.5004 -3.08438 11.0791 10 1997.7
v 11.8631 -3.08438 10.6898 9 2434.37
v 12.2136 -3.08438 10.2875 11 1319.88
v 12.5515 -3.08438 9.87234 12 304.941
v 9.51751 -3.0601 12.8285 1 727.675
v 9.93533 -3.0601 12.5077 4 1832.55
v 10.3429 -3.0601 12.1728 5 2072.01
v 10.7399 -3.0601 11.824 6 2072.01
v 11.5004 -3.0601 11.0858 10 2512.58
v 11.8631 -3.0601 10.6968 9 5995.57
v 12.2136 -3.0601 10.2947 11 2782.66
v 9.08991 -3.03581 13.1406 3 470.707
v 9.51751 -3.03581 12.8343 1 1708.32
v 9.93533 -3.03581 12.5136 4 3506.72
v 10.3429 -3.03581 12.1789 5 3213.12
v 10.7399 -3.03581 11.8303 6 3213.12
v 11.1259 -3.03581 11.4681 7 640.025
v 11.5004 -3.03581 11.0925 10 3171.1
v 11.8631 -3.03581 10.7037 9 5682
v 12.2136 -3.03581 10.3019 11 1894.53
v 9.08991 -3.01152 13.1462 3 319.258
v 9.51751 -3.01152 12.84 1 1265.25
v 9.93533 -3.01152 12.5195 4 2332.9
v 10.3429 -3.01152 12.1849 5 1407.03
v 10.7399 -3.01152 11.8365 6 1407.03
v 11.5004 -3.01152 11.0991 10 1153.15
v 11.8631 -3.01152 10.7105 9 1544.53
v 12.2136 -3.01152 10.3091 11 321.677
v 9.93533 -2.98722 12.5253 4 641.844
v 10.3429 -2.98722 12.1909 5 1234.12
v 10.7399 -2.98722 11.8426 6 1234.12
v 11.1259 -2.98722 11.4808 7 1143.56
v 11.5004 -2.98722 11.1056 10 453.544
v 10.3429 -2.96291 12.1968 5 1292.14
v 10.7399 -2.96291 11.8488 6 1292.14
v 11.1259 -2.96291 11.4871 7 1401.47
v 11.5004 -2.96291 11.1122 10 395.592
v 10.3429 -2.93859 12.2027 5 343.489
v 10.7399 -2.93859 11.8548 6 343.489
v 10.3429 -2.91427 12.2085 5 343.489
v 10.7399 -2.91427 11.8608 6 343.489
v 11.1423 -3.16184 11.4521 7 395.793
v 11.5174 -3.16184 11.0748 10 388.303
v 11.8806 -3.16184 10.6843 9 332.309
v 11.1423 -3.13755 11.4588 7 395.793
v 11.5174 -3.13755 11.0818 10 388.303
v 11.8806 -3.13755 10.6914 9 332.309
v 10.3582 -3.11324 12.1784 5 597.337
v 10.7558 -3.11324 11.8288 6 597.337
v 11.1423 -3.11324 11.4654 7 1144.14
v 11.5174 -3.11324 11.0886 10 1269.65
v 11.8806 -3.11324 10.6985 9 829.865
v 10.3582 -3.08893 12.1846 5 463.369
v 10.7558 -3.08893 11.8352 6 463.369
v 11.1423 -3.08893 11.472 7 577.817
v 11.5174 -3.08893 11.0954 10 509.606
v 11.8806 -3.08893 10.7056 9 701.803
v 12.2316 -3.08893 10.3027 11 715.008
v 9.53155 -3.06462 12.8474 1 711.48
v 9.94999 -3.06462 12.5262 4 2199.81
v 10.3582 -3.06462 12.1908 5 4108.67
v 10.7558 -3.06462 11.8415 6 4108.67
v 11.1423 -3.06462 11.4785 7 2824.6
v 11.8806 -3.06462 10.7125 9 1489.82
v 12.2316 -3.06462 10.3099 11 1737.35
v 12.5701 -3.06462 9.89447 12 380.618
v 9.10332 -3.04029 13.16 3 297.829
v 9.53155 -3.04029 12.8532 1 1464.01
v 9.94999 -3.04029 12.5321 4 4651.63
v 10.3582 -3.04029 12.1969 5 7715.46
v 10.7558 -3.04029 11.8477 6 7715.46
v 11.1423 -3.04029 11.485 7 5128.79
v 11.5174 -3.04029 11.1088 10 1601.94
v 11.8806 -3.04029 10.7195 9 2004.61
v 12.2316 -3.04029 10.3171 11 1290.11
v 9.53155 -3.01596 12.8589 1 1125.85
v 9.94999 -3.01596 12.538 4 2946.97
v 10.3582 -3.01596 12.2029 5 3200.06
v 10.7558 -3.01596 11.854 6 3200.06
v 11.1423 -3.01596 11.4914 7 1234.48
v 11.5174 -3.01596 11.1155 10 569.838
v 11.8806 -3.01596 10.7263 9 702.26
v 9.53155 -2.99162 12.8646 1 338.946
v 9.94999 -2.99162 12.5438 4 504.483
v 10.3582 -2.99162 12.2089 5 612.495
v 10.7558 -2.99162 11.8601 6 612.495
v 11.1423 -2.99162 11.4978 7 476.665
v 10.3582 -2.96728 12.2148 5 1057.61
v 10.7558 -2.96728 11.8662 6 1057.61
v 11.1423 -2.96728 11.5041 7 1225.8
v 10.3582 -2.94293 12.2207 5 362.156
v 10.7558 -2.94293 11.8723 6 362.156
v 11.1423 -2.94293 11.5103 7 302.039
v 10.3582 -2.91857 12.2266 5 362.156
v 10.7558 -2.91857 11.8783 6 362.156
v 11.1423 -2.91857 11.5165 7 302.039
v 11.5343 -3.1665 11.0912 10 298.457
v 11.5343 -3.14217 11.0981 10 298.457
v 11.1587 -3.11783 11.4823 7 484.616
v 11.5343 -3.11783 11.1049 10 767.446
v 11.8981 -3.11783 10.7143 9 460.711
v 10.3735 -3.09349 12.2026 5 421.16
v 10.7716 -3.09349 11.8526 6 421.16
v 11.1587 -3.09349 11.4889 7 842.752
v 11.5343 -3.09349 11.1118 10 688.777
v 9.5456 -3.06913 12.8664 1 402.245
v 9.96465 -3.06913 12.5446 4 2095.36
v 10.3735 -3.06913 12.2087 5 4085.16
v 10.7716 -3.06913 11.8589 6 4085.16
v 11.1587 -3.06913 11.4954 7 3039.67
v 11.5343 -3.06913 11.1185 10 664.018
v 12.2496 -3.06913 10.3251 11 391.214
v 12.5886 -3.06913 9.90905 12 309.632
v 9.5456 -3.04477 12.8721 1 792.939
v 9.96465 -3.04477 12.5506 4 4334.3
v 10.3735 -3.04477 12.2148 5 7278.43
v 10.7716 -3.04477 11.8652 6 7278.43
v 11.1587 -3.04477 11.5019 7 4005.14
v 11.5343 -3.04477 11.1252 10 684.896
v 11.8981 -3.04477 10.7353 9 490.948
v 12.2496 -3.04477 10.3323 11 517.081
v 9.5456 -3.02041 12.8779 1 668.121
v 9.96465 -3.02041 12.5564 4 2512.83
v 10.3735 -3.02041 12.2209 5 3218.63
v 10.7716 -3.02041 11.8714 6 3218.63
v 11.1587 -3.02041 11.5083 7 1177.11
v 12.2496 -3.02041 10.3395 11 322.404
v 9.96465 -2.99603 12.5623 4 303.525
v 10.3735 -2.97165 12.2328 5 636.575
v 10.7716 -2.97165 11.8837 6 636.575
v 11.1587 -2.97165 11.521 7 779.81
v 10.3735 -2.94726 12.2387 5 348.539
v 10.7716 -2.94726 11.8898 6 348.539
v 11.1587 -2.94726 11.5273 7 370.994
v 10.3735 -2.92287 12.2446 5 348.539
v 10.7716 -2.92287 11.8958 6 348.539
v 11.1587 -2.92287 11.5335 7 370.994
v 11.1751 -3.12242 11.4992 7 472.437
v 11.5513 -3.12242 11.1213 10 514.537
v 10.3887 -3.09804 12.2205 5 573.27
v 10.7875 -3.09804 11.87 6 573.27
v 11.1751 -3.09804 11.5058 7 686.518
v 11.5513 -3.09804 11.1281 10 696.612
v 11.9156 -3.09804 10.7371 9 481.218
v 9.97931 -3.07365 12.5631 4 1469.71
v 10.3887 -3.07365 12.2267 5 2263.29
v 10.7875 -3.07365 11.8764 6 2263.29
v 11.1751 -3.07365 11.5123 7 1177.28
v 11.5513 -3.07365 11.1349 10 398.709
v 9.55964 -3.04925 12.8911 1 319.222
v 9.97931 -3.04925 12.569 4 2310.35
v 10.3887 -3.04925 12.2328 5 3520.97
v 10.7875 -3.04925 11.8827 6 3520.97
v 11.1751 -3.04925 11.5188 7 1458.12
v 9.97931 -3.02485 12.5749 4 1097.51
v 10.3887 -3.02485 12.2389 5 1766.92
v 10.7875 -3.02485 11.8889 6 1766.92
v 11.1751 -3.02485 11.5253 7 698.798
v 11.1751 -2.97602 11.538 7 307.919
v 11.1751 -2.9516 11.5442 7 297.744
v 11.1751 -2.92717 11.5505 7 297.744
v 10.404 -3.12701 12.2323 5 326.483
v 10.8033 -3.12701 11.8811 6 326.483
v 11.1915 -3.12701 11.5161 7 317.84
v 9.99397 -3.10259 12.5755 4 509.175
v 10.404 -3.10259 12.2385 5 613.378
v 10.8033 -3.10259 11.8875 6 613.378
v 11.9331 -3.10259 10.7529 9 590.463
v 12.2857 -3.10259 10.3482 11 349.317
v 9.57369 -3.07816 12.9042 1 410.283
v 9.99397 -3.07816 12.5815 4 1308.46
v 10.404 -3.07816 12.2447 5 888.64
v 10.8033 -3.07816 11.8938 6 888.64
v 11.5683 -3.07816 11.1512 10 431.816
v 11.9331 -3.07816 10.7599 9 482.834
v 12.2857 -3.07816 10.3555 11 379.506
v 9.99397 -3.05373 12.5875 4 1260.38
v 10.404 -3.05373 12.2508 5 1007.24
v 10.8033 -3.05373 11.9001 6 1007.24
v 9.99397 -3.02929 12.5934 4 390.769
v 10.404 -3.02929 12.2568 5 570.808
v 10.8033 -3.02929 11.9064 6 570.808
v 10.4193 -3.13159 12.2502 5 336.627
v 10.8192 -3.13159 11.8985 6 336.627
v 10.4193 -3.10714 12.2564 5 378.668
v 10.8192 -3.10714 11.9049 6 378.668
v 11.208 -3.10714 11.5396 7 705.675
v 11.5852 -3.10714 11.1608 10 883.206
v 11.9506 -3.10714 10.7687 9 613.956
v 9.58773 -3.08268 12.9232 1 375.707
v 10.0086 -3.08268 12.6 4 360.294
v 11.208 -3.08268 11.5462 7 1258.21
v 11.5852 -3.08268 11.1676 10 1949.34
v 11.9506 -3.08268 10.7757 9 1011.36
v 11.208 -3.05821 11.5527 7 621.802
v 11.5852 -3.05821 11.1743 10 1220.86
v 11.9506 -3.05821 10.7827 9 682.629
v 11.2244 -3.13618 11.5499 7 429.18
v 11.6022 -3.13618 11.1703 10 387.339
v 10.4345 -3.11169 12.2744 5 408.658
v 10.835 -3.11169 11.9223 6 408.658
v 11.2244 -3.11169 11.5565 7 1746.22
v 11.6022 -3.11169 11.1771 10 1965.86
v 11.9681 -3.11169 10.7844 9 673.431
v 10.4345 -3.0872 12.2806 5 443.645
v 10.835 -3.0872 11.9287 6 443.645
v 11.2244 -3.0872 11.5631 7 2505.58
v 11.6022 -3.0872 11.1839 10 2907.68
v 11.9681 -3.0872 10.7915 9 835.901
v 11.2244 -3.06269 11.5696 7 1310.87
v 11.6022 -3.06269 11.1907 10 1576.19
v 11.9681 -3.06269 10.7985 9 427.487
v 11.2408 -3.14077 11.5668 7 474.118
v 11.6192 -3.14077 11.1866 10 413.684
v 10.4498 -3.11624 12.2923 5 487.587
v 10.8509 -3.11624 11.9398 6 487.587
v 11.2408 -3.11624 11.5734 7 1532.83
v 11.6192 -3.11624 11.1935 10 1549.79
v 11.9856 -3.11624 10.8002 9 630.796
v 10.4498 -3.09171 12.2985 5 523.958
v 10.8509 -3.09171 11.9462 6 523.958
v 11.2408 -3.09171 11.58 7 1789.22
v 11.6192 -3.09171 11.2003 10 1943.18
v 11.9856 -3.09171 10.8073 9 697.472
v 10.038 -3.06717 12.6429 4 523.154
v 10.4498 -3.06717 12.3047 5 426.915
v 10.8509 -3.06717 11.9525 6 426.915
v 11.2408 -3.06717 11.5865 7 883.137
v 11.6192 -3.06717 11.207 10 1041.73
v 11.9856 -3.06717 10.8142 9 321.544
v 10.465 -3.12079 12.3103 5 309.919
v 10.8667 -3.12079 11.9572 6 309.919
v 11.2572 -3.12079 11.5903 7 678.66
v 11.6361 -3.12079 11.2098 10 592.73
v 12.0031 -3.12079 10.816 9 340.015
v 11.2572 -3.09623 11.5969 7 610.708
v 11.6361 -3.09623 11.2167 10 581.1
v 12.0031 -3.09623 10.823 9 329.877
v 10.0526 -3.07165 12.6613 4 487.548
v 12.0381 -2.98195 10.8891 9 304.159
v 12.3938 -2.98195 10.4825 11 348.223
v 12.0381 -2.95727 10.8959 9 304.159
v 12.3938 -2.95727 10.4895 11 348.223
v 12.0381 -2.93258 10.9025 9 571.726
v 12.3938 -2.93258 10.4964 11 711.373
v 12.7368 -2.93258 10.0775 12 507.549
v 12.0381 -2.90789 10.9091 9 298.576
v 12.3938 -2.90789 10.5033 11 395.256
v 10.5108 -3.28235 12.3257 5 487.51
v 10.9143 -3.28235 11.97 6 487.51
v 10.5108 -3.25772 12.3323 5 471.044
v 10.9143 -3.25772 11.9767 6 471.044
v 11.3065 -3.25772 11.6071 7 323.588
v 12.0556 -2.98629 10.905 9 423.604
v 12.4118 -2.98629 10.4978 11 718.967
v 12.7553 -2.98629 10.0777 12 490.362
v 12.0556 -2.96157 10.9117 9 423.604
v 12.4118 -2.96157 10.5048 11 718.967
v 12.7553 -2.96157 10.085 12 490.362
v 12.0556 -2.93685 10.9184 9 841.85
v 12.4118 -2.93685 10.5117 11 1364.66
v 12.7553 -2.93685 10.0922 12 905.282
v 12.0556 -2.91212 10.925 9 470.621
v 12.4118 -2.91212 10.5186 11 740.659
v 12.7553 -2.91212 10.0994 12 473.764
v 10.1113 -3.28711 12.6857 4 389.649
v 10.5261 -3.28711 12.3436 5 575.033
v 10.9301 -3.28711 11.9873 6 575.033
v 11.3229 -3.28711 11.6171 7 325.222
v 10.1113 -3.26245 12.692 4 337.288
v 10.5261 -3.26245 12.3502 5 584.176
v 10.9301 -3.26245 11.9941 6 584.176
v 11.3229 -3.26245 11.624 7 433.73
v 12.0732 -2.99063 10.9208 9 396.253
v 12.4299 -2.99063 10.513 11 684.92
v 12.7738 -2.99063 10.0923 12 455.287
v 12.0732 -2.96587 10.9275 9 396.253
v 12.4299 -2.96587 10.52 11 684.92
v 12.7738 -2.96587 10.0996 12 455.287
v 12.0732 -2.94111 10.9342 9 794.213
v 12.4299 -2.94111 10.527 11 1301.39
v 12.7738 -2.94111 10.1069 12 819.142
v 12.0732 -2.91634 10.9409 9 470.131
v 12.4299 -2.91634 10.5339 11 713.362
v 12.7738 -2.91634 10.114 12 426.495
v 10.1259 -3.29188 12.7041 4 321.446
v 10.5414 -3.29188 12.3615 5 483.664
v 10.946 -3.29188 12.0047 6 483.664
v 11.3393 -3.29188 11.6339 7 318.438
v 10.5414 -3.26718 12.3681 5 419.828
v 10.946 -3.26718 12.0115 6 419.828
v 11.3393 -3.26718 11.6409 7 368.501
v 12.4479 -2.99496 10.5283 11 352.074
v 12.4479 -2.97017 10.5353 11 352.074
v 12.0907 -2.94538 10.9501 9 508.047
v 12.4479 -2.94538 10.5422 11 676.493
v 12.7923 -2.94538 10.1215 12 410.255
v 12.0907 -2.92057 10.9567 9 302.071
v 12.4479 -2.92057 10.5491 11 385.893
v 10.5566 -3.3461 12.3661 5 306.537
v 10.9618 -3.3461 12.0084 6 306.537
v -9.71413 -3.32138 13.0447 13 385.515
v -9.2777 -3.32138 13.3586 14 602.837
v -8.83173 -3.32138 13.6576 15 447.314
v 10.1406 -3.32138 12.716 4 369.278
v 10.5566 -3.32138 12.3728 5 419.817
v 10.9618 -3.32138 12.0153 6 419.817
v -9.71413 -3.29665 13.051 13 615.934
v -9.2777 -3.29665 13.3647 14 1252.92
v -8.83173 -3.29665 13.6636 15 1131.53
v -8.37669 -3.29665 13.9472 16 562.805
v 10.5566 -3.29665 12.3794 5 364.31
v 10.9618 -3.29665 12.0221 6 364.31
v -9.71413 -3.27191 13.0572 13 362.909
v -9.2777 -3.27191 13.3708 14 871.172
v -8.83173 -3.27191 13.6695 15 954.243
v -8.37669 -3.27191 13.953 16 553.26
v -8.83173 -3.24716 13.6754 15 349.244
v -9.72818 -3.32618 13.0636 13 514.322
v -9.29111 -3.32618 13.3779 14 954.131
v -8.8445 -3.32618 13.6773 15 898.099
v -8.3888 -3.32618 13.9614 16 451.513
v -9.72818 -3.30141 13.0698 13 859.854
v -9.29111 -3.30141 13.3841 14 1918.64
v -8.8445 -3.30141 13.6833 15 1891.64
v -8.3888 -3.30141 13.9673 16 1085.11
v -9.72818 -3.27664 13.0761 13 505.112
v -9.29111 -3.27664 13.3902 14 1346.45
v -8.8445 -3.27664 13.6893 15 1484.57
v -8.3888 -3.27664 13.9732 16 973.838
v -9.29111 -3.25186 13.3962 14 379.786
v -8.8445 -3.25186 13.6952 15 530.806
v -8.3888 -3.25186 13.9789 16 450.22
v 12.4839 -3.25186 10.485 11 335.75
v -9.74222 -3.33098 13.0824 13 435.142
v -9.30453 -3.33098 13.3972 14 733.738
v -8.85727 -3.33098 13.6971 15 613.622
v -8.40091 -3.33098 13.9816 16 299.293
v -9.74222 -3.30618 13.0887 13 647.624
v -9.30453 -3.30618 13.4034 14 1277.76
v -8.85727 -3.30618 13.7031 15 1202.1
v -8.40091 -3.30618 13.9875 16 809.309
v -9.74222 -3.28137 13.0949 13 322.183
v -9.30453 -3.28137 13.4095 14 768.052
v -8.85727 -3.28137 13.709 15 905.189
v -8.40091 -3.28137 13.9933 16 801.339
v 12.1432 -3.28137 10.9056 9 551.735
v 12.502 -3.28137 10.4924 11 581.059
v -8.85727 -3.25655 13.7149 15 348.263
v -8.40091 -3.25655 13.9991 16 418.406
v 11.7719 -3.25655 11.3125 10 421.978
v 12.1432 -3.25655 10.913 9 607.646
v 12.502 -3.25655 10.5001 11 617.977
v 11.7889 -3.2861 11.3216 10 458.337
v 12.1607 -3.2861 10.9213 9 832.189
v 12.52 -3.2861 10.5075 11 661.267
v 11.7889 -3.26125 11.3288 10 689.102
v 12.1607 -3.26125 10.9288 9 1020.12
v 12.52 -3.26125 10.5152 11 771.124
v 11.7889 -3.23639 11.3359 10 322.3
v 12.1607 -3.23639 10.9361 9 350.126
v 11.7889 -3.21152 11.343 10 322.3
v 12.1607 -3.21152 10.9435 9 350.126
v 11.8059 -3.29083 11.3379 10 316.811
v 12.1782 -3.29083 10.937 9 671.208
v 12.538 -3.29083 10.5226 11 471.841
v 11.8059 -3.26594 11.3451 10 447.655
v 12.1782 -3.26594 10.9445 9 771.499
v 12.538 -3.26594 10.5304 11 568.619
v 12.1957 -3.29556 10.9528 9 309.36
v 12.1957 -3.27064 10.9602 9 301.448
v -10.2579 -3.3848 12.8565 17 297.408
v -10.2579 -3.35979 12.8631 17 947.446
v -9.82649 -3.35979 13.1956 13 1421.51
v -9.38501 -3.35979 13.5131 14 766.34
v -10.2579 -3.33478 12.8696 17 944.25
v -9.82649 -3.33478 13.2019 13 1965.96
v -9.38501 -3.33478 13.5193 14 1586.43
v -8.93388 -3.33478 13.8216 15 417.439
v -10.2579 -3.30975 12.8761 17 316.908
v -9.82649 -3.30975 13.2082 13 876.654
v -9.38501 -3.30975 13.5255 14 1010.78
v -8.93388 -3.30975 13.8276 15 353.664
v -10.2725 -3.38964 12.8749 17 402.572
v -9.84053 -3.38964 13.208 13 540.596
v -10.2725 -3.3646 12.8815 17 1947.5
v -9.84053 -3.3646 13.2144 13 3298.8
v -9.39842 -3.3646 13.5324 14 1514.29
v -10.2725 -3.33954 12.888 17 2582.19
v -9.84053 -3.33954 13.2208 13 5090.46
v -9.39842 -3.33954 13.5386 14 3293.73
v -8.94665 -3.33954 13.8413 15 347.338
v -10.2725 -3.31448 12.8945 17 1135.54
v -9.84053 -3.31448 13.2271 13 2677.87
v -9.39842 -3.31448 13.5448 14 2364.56
v -8.94665 -3.31448 13.8474 15 606.687
v -9.84053 -3.28941 13.2333 13 408.57
v -9.39842 -3.28941 13.5509 14 590.027
v -8.94665 -3.28941 13.8533 15 395.989
v -10.2872 -3.39448 12.8933 17 307.635
v -9.85458 -3.39448 13.2269 13 384.334
v -10.2872 -3.3694 12.8999 17 1415.9
v -9.85458 -3.3694 13.2333 13 2276.29
v -9.41183 -3.3694 13.5518 14 1110.88
v -10.2872 -3.34431 12.9064 17 1911.88
v -9.85458 -3.34431 13.2397 13 3830.61
v -9.41183 -3.34431 13.558 14 2442.3
v -10.2872 -3.31921 12.9129 17 1030.57
v -9.85458 -3.31921 13.246 13 2453.26
v -9.41183 -3.31921 13.5641 14 1790.34
v -8.95942 -3.31921 13.8671 15 334.618
v -9.85458 -3.29411 13.2522 13 635.818
v -9.41183 -3.29411 13.5703 14 589.683
v -8.95942 -3.29411 13.8731 15 494.156
v -8.4978 -3.29411 14.1606 16 481.251
v -10.3019 -3.3742 12.9182 17 302.947
v -9.86862 -3.3742 13.2522 13 707.959
v -9.42525 -3.3742 13.5711 14 806.107
v -8.97219 -3.3742 13.8748 15 298.761
v -10.3019 -3.34908 12.9248 17 523.889
v -9.86862 -3.34908 13.2585 13 1330.17
v -9.42525 -3.34908 13.5773 14 1233.55
v -10.3019 -3.32394 12.9313 17 527.084
v -9.86862 -3.32394 13.2648 13 994.657
v -9.42525 -3.32394 13.5835 14 528.927
v -9.86862 -3.2988 13.2711 13 389.426
v -9.43866 -3.379 13.5904 14 368.398
v -9.43866 -3.35384 13.5966 14 453.372
v -13.1628 -3.4888 10.2702 18 518.232
v -12.8083 -3.4888 10.709 19 1001.44
v -12.4408 -3.4888 11.1339 20 878.434
v -12.0604 -3.4888 11.5448 21 317.846
v -13.1628 -3.46341 10.2788 18 1292.61
v -12.8083 -3.46341 10.7172 19 3136.14
v -12.4408 -3.46341 11.1418 20 3467.83
v -12.0604 -3.46341 11.5524 21 1895.56
v -11.6677 -3.46341 11.949 22 499.353
v -13.1628 -3.43802 10.2873 18 1771.75
v -12.8083 -3.43802 10.7254 19 4163.02
v -12.4408 -3.43802 11.1496 20 5146.54
v -12.0604 -3.43802 11.56 21 3715.26
v -11.6677 -3.43802 11.9563 22 1401.68
v -13.1628 -3.41262 10.2958 18 1064.03
v -12.8083 -3.41262 10.7335 19 1993.61
v -12.4408 -3.41262 11.1574 20 2574.29
v -12.0604 -3.41262 11.5675 21 2292.22
v -11.6677 -3.41262 11.9636 22 1022.24
v -12.4408 -3.38721 11.1652 20 438.012
v -12.0604 -3.38721 11.575 21 473.008
v -13.1813 -3.49371 10.2847 18 1922.08
v -12.8264 -3.49371 10.724 19 4677.71
v -12.4583 -3.49371 11.1495 20 3953.17
v -12.0774 -3.49371 11.561 21 885.022
v -13.1813 -3.46829 10.2933 18 5141.83
v -12.8264 -3.46829 10.7323 19 19749.3
v -12.4583 -3.46829 11.1575 20 26442.8
v -12.0774 -3.46829 11.5687 21 12271.9
v -11.6841 -3.46829 11.9658 22 1265.28
v -13.1813 -3.44286 10.3018 18 4986.58
v -12.8264 -3.44286 10.7405 19 22135
v -12.4583 -3.44286 11.1653 20 36341.5
v -12.0774 -3.44286 11.5763 21 22209.3
v -11.6841 -3.44286 11.9731 22 3721.36
v -13.1813 -3.41742 10.3103 18 1493.95
v -12.8264 -3.41742 10.7486 19 6665.35
v -12.4583 -3.41742 11.1731 20 12940.4
v -12.0774 -3.41742 11.5838 21 9875.65
v -11.6841 -3.41742 11.9804 22 2360.31
v -12.4583 -3.36652 11.1886 20 954.007
v -13.1998 -3.49862 10.2991 18 1250.4
v -12.8444 -3.49862 10.7391 19 6397.12
v -12.4758 -3.49862 11.1652 20 7072.61
v -12.0944 -3.49862 11.5773 21 1837.48
v -13.1998 -3.47316 10.3077 18 3930.24
v -12.8444 -3.47316 10.7474 19 27931
v -12.4758 -3.47316 11.1731 20 45297.3
v -12.0944 -3.47316 11.5849 21 20715.8
v -11.7005 -3.47316 11.9826 22 1351.43
v -13.1998 -3.44769 10.3163 18 2898.41
v -12.8444 -3.44769 10.7555 19 30229.4
v -12.4758 -3.44769 11.181 20 59272.4
v -12.0944 -3.44769 11.5925 21 32719.9
v -11.7005 -3.44769 11.9899 22 3245.27
v -12.8444 -3.42222 10.7637 19 8570.25
v -12.4758 -3.42222 11.1888 20 19577.8
v -12.0944 -3.42222 11.6001 21 12132.2
v -11.7005 -3.42222 11.9972 22 1500.89
v -12.4758 -3.37125 11.2043 20 1432.52
v -12.0944 -3.37125 11.615 21 1113.38
v -13.2183 -3.50353 10.3136 18 1818.66
v -12.8624 -3.50353 10.7542 19 6094.05
v -12.4933 -3.50353 11.1809 20 5676.31
v -12.1113 -3.50353 11.5935 21 1416.65
v -13.2183 -3.47803 10.3222 18 2918.98
v -12.8624 -3.47803 10.7624 19 17945.8
v -12.4933 -3.47803 11.1888 20 27560.5
v -12.1113 -3.47803 11.6012 21 13557.8
v -11.7169 -3.47803 11.9994 22 1451.56
v -13.2183 -3.45253 10.3307 18 855.911
v -12.8624 -3.45253 10.7706 19 14867.6
v -12.4933 -3.45253 11.1967 20 33947.1
v -12.1113 -3.45253 11.6088 21 22723
v -11.7169 -3.45253 12.0068 22 3893
v -12.8624 -3.42702 10.7788 19 3601.13
v -12.4933 -3.42702 11.2045 20 11830.9
v -12.1113 -3.42702 11.6164 21 9802.63
v -11.7169 -3.42702 12.0141 22 2701.62
v -12.4933 -3.37598 11.22 20 885.684
v -12.1113 -3.37598 11.6313 21 819.939
v -12.8804 -3.55947 10.7525 19 307.356
v -12.8804 -3.53396 10.7609 19 307.356
v -13.2368 -3.50844 10.328 18 737.814
v -12.8804 -3.50844 10.7692 19 1680.85
v -12.5108 -3.50844 11.1965 20 1547.29
v -12.1283 -3.50844 11.6098 21 681.535
v -13.2368 -3.48291 10.3366 18 1159.18
v -12.8804 -3.48291 10.7775 19 3316.96
v -12.5108 -3.48291 11.2045 20 4285.89
v -12.1283 -3.48291 11.6174 21 2835.08
v -11.7333 -3.48291 12.0162 22 652.975
v -13.2368 -3.45737 10.3452 18 946.585
v -12.8804 -3.45737 10.7857 19 1990.56
v -12.5108 -3.45737 11.2124 20 4029.11
v -12.1283 -3.45737 11.6251 21 3871.49
v -11.7333 -3.45737 12.0236 22 1409.18
v -13.2368 -3.43182 10.3537 18 495.782
v -12.8804 -3.43182 10.7939 19 322.914
v -12.5108 -3.43182 11.2202 20 1543.58
v -12.1283 -3.43182 11.6326 21 1754.21
v -11.7333 -3.43182 12.0309 22 827.023
v -12.5108 -3.40627 11.228 20 488.172
v -12.1283 -3.38071 11.6476 21 314.071
v -13.2554 -3.46221 10.3597 18 305.997
v -13.2554 -3.43663 10.3682 18 317.086
