v -0.531673 0.479084 -0.0310565 0 0
v -0.573805 0.531074 -0.100275 0 0
v -0.522399 0.46648 -0.019379 0 0
v -0.400199 0.105515 0.398515 0 0
v -0.505784 0.468395 -0.00439869 0 0
v -0.510201 0.463608 0.0663006 0 0
v -0.38578 0.116189 0.415517 0 0
v -0.401543 0.177292 0.38448 0 0
v -0.502678 0.318128 -0.0358573 0 0
v -0.401426 0.15652 0.427584 0 0
v -0.382499 0.126908 0.446033 0 0
v -0.510703 0.484111 0.0328512 0 0
v -0.474909 0.340333 -0.0196068 0 0
v -0.503269 0.339185 0.0829769 0 0
v -0.409209 0.133281 0.436587 0 0
v -0.365095 0.122708 0.442704 0 0
v -0.390917 0.059206 0.382379 0 0
v -0.50709 0.310721 0.0175747 0 0
v -0.374181 0.0863041 0.415067 0 0
v -0.522123 0.494732 -0.136929 0 0
v -0.486823 0.418415 0.0524392 0 0
v -0.396154 0.15441 0.388064 0 0
v -0.437716 0.0206619 0.434752 0 0
v -0.462623 0.376892 -0.00182911 0 0
v -0.477027 0.358273 0.00234909 0 0
v -0.460587 0.340688 0.0388421 0 0
v -0.417348 -0.0762714 0.38435 0 0
v -0.400176 -0.175692 0.370122 0 0
v -0.360275 0.131519 0.46757 0 0
v -0.441695 0.401665 0.102407 0 0
v -0.442514 0.421533 0.120702 0 0
v -0.352352 0.108783 0.487802 0 0
v -0.42546 0.437933 0.0858116 0 0
v -0.383281 0.273194 0.401717 0 0
v -0.375274 0.191437 0.430947 0 0
v -0.357551 0.106604 0.451238 0 0
v -0.390078 0.0356251 0.41199 0 0
v -0.404043 -0.128681 0.397615 0 0
v -0.407449 -0.0510383 0.334804 0 0
v -0.378505 -0.0442654 0.384069 0 0
v -0.363595 0.102165 0.475841 0 0
v -0.401215 -0.182716 0.358563 0 0
v -0.325971 0.14511 0.490667 0 0
v -0.323489 0.139468 0.515467 0 0
v -0.397556 -0.0861005 0.418726 0 0
v -0.379871 0.307108 0.44894 0 0
v -0.372134 0.18586 0.48721 0 0
v -0.373803 -0.142945 0.29116 0 0
v -0.37394 0.199712 0.414776 0 0
v -0.302701 0.129286 0.483324 0 0
v -0.351206 -0.0318005 0.399679 0 0
v -0.400268 0.0606817 0.431211 0 0
v -0.333004 0.220183 0.402725 0 0
v -0.345812 -0.124447 0.424657 0 0
v -0.313961 -0.0786933 0.44029 0 0
v -0.445642 0.372615 0.119747 0 0
v -0.330073 0.0893343 0.520123 0 0
v -0.328312 -0.0605388 0.441911 0 0
v -0.343463 -0.107031 0.400422 0 0
v -0.439856 0.408592 0.0803686 0 0
v -0.319941 0.254691 0.467059 0 0
v -0.357379 0.214979 0.479707 0 0
v -0.366728 0.208274 0.455718 0 0
v -0.361936 0.0785783 0.456074 0 0
v -0.36567 0.062914 0.470751 0 0
v -0.33595 -0.132594 0.430309 0 0
v -0.36617 -0.119928 0.454913 0 0
v -0.356433 0.0646189 0.502798 0 0
v -0.363955 -0.146728 0.41698 0 0
v -0.320271 -0.118391 0.434352 0 0
v -0.358529 0.11078 0.493758 0 0
v -0.351463 -0.0981584 0.448176 0 0
v -0.361894 0.178984 0.488426 0 0
v -0.368007 0.188488 0.443535 0 0
v -0.351708 0.0125086 0.417709 0 0
v -0.355924 0.296293 0.446312 0 0
v -0.353323 0.18246 0.446648 0 0
v -0.333136 0.159534 0.50223 0 0
v -0.352081 0.0331842 0.447904 0 0
v -0.300101 0.00071079 0.361052 0 0
v -0.329721 0.298216 0.453963 0 0
v -0.351569 0.263631 0.452371 0 0
v -0.360025 -0.13798 0.439791 0 0
v -0.353413 0.0646461 0.460635 0 0
v -0.342601 0.0756128 0.433199 0 0
v -0.357978 -0.00797492 0.392784 0 0
v -0.338136 -0.084094 0.45035 0 0
v -0.342645 0.180053 0.496253 0 0
v -0.35202 -0.148749 0.397933 0 0
v -0.347096 0.091169 0.470767 0 0
v -0.352428 -0.119235 0.444614 0 0
v -0.369483 -0.114724 0.454658 0 0
v -0.370277 0.397581 0.1288 0 0
v -0.392188 -0.184378 0.41424 0 0
v -0.369053 -0.140868 0.42004 0 0
v -0.322358 0.316898 0.443213 0 0
v -0.318736 -0.0454969 0.431684 0 0
v -0.375107 -0.277249 0.303592 0 0
v -0.326295 0.265257 0.438304 0 0
v -0.312155 0.157905 0.53102 0 0
v -0.308757 0.1024 0.500837 0 0
v -0.356076 -0.136335 0.433276 0 0
v -0.400839 0.0268737 0.409113 0 0
v -0.30816 -0.0396332 0.422332 0 0
v -0.325694 0.25796 0.466816 0 0
v -0.309581 0.244984 0.415279 0 0
v -0.29066 0.230705 0.482007 0 0
v -0.343836 0.161892 0.512407 0 0
v -0.35511 -0.254042 0.362007 0 0
v -0.400315 -0.228448 0.359528 0 0
v -0.281924 0.246802 0.465943 0 0
v -0.337175 -0.0160155 0.400971 0 0
v -0.327146 0.133168 0.528589 0 0
v -0.340275 0.00708551 0.423596 0 0
v -0.353336 -0.00760187 0.404796 0 0
v -0.317978 -0.0829407 0.443071 0 0
v -0.343282 -0.204903 0.371965 0 0
v -0.344247 -0.216214 0.362627 0 0
v -0.420666 0.432843 0.128634 0 0
v -0.329381 -0.0187038 0.439906 0 0
v -0.347103 -0.129163 0.421292 0 0
v -0.365474 -0.265245 0.355484 0 0
v -0.279254 0.254566 0.471729 0 0
v -0.298342 0.252096 0.448759 0 0
v -0.336532 0.203896 0.469923 0 0
v -0.32069 0.131845 0.532231 0 0
v -0.361718 -0.0940496 0.434673 0 0
v -0.283191 0.134289 0.510333 0 0
v -0.333544 0.0364459 0.476347 0 0
v -0.317097 -0.0198349 0.425183 0 0
v -0.317174 0.298629 0.46779 0 0
v -0.366643 0.307434 0.44764 0 0
v -0.310619 0.0426434 0.55133 0 0
v -0.336302 -0.220641 0.358055 0 0
v -0.316201 0.249298 0.483459 0 0
v -0.330339 0.202704 0.441361 0 0
v -0.312919 -0.147296 0.456402 0 0
v -0.3425 0.247126 0.446072 0 0
v -0.324259 0.323626 0.44925 0 0
v -0.314824 -0.00829931 0.426248 0 0
v -0.342487 -0.0788522 0.456872 0 0
v -0.331152 0.206694 0.461791 0 0
v -0.286707 0.122811 0.5595 0 0
v -0.318283 -0.0851695 0.441297 0 0
v -0.277814 0.0803766 0.559375 0 0
v -0.327362 -0.128038 0.448485 0 0
v -0.303526 -0.169411 0.464642 0 0
v -0.276466 0.140696 0.526524 0 0
v -0.324912 0.0693135 0.558109 0 0
v -0.315997 -0.117612 0.468246 0 0
v -0.31483 -0.107144 0.487536 0 0
v -0.357993 0.232276 0.457928 0 0
v -0.301863 0.18204 0.516272 0 0
v -0.325486 -0.0155644 0.473658 0 0
v -0.295376 -0.213968 0.438309 0 0
v -0.300949 0.352923 0.47143 0 0
v -0.328797 0.189379 0.486 0 0
v -0.318793 0.00768194 0.419042 0 0
v -0.315625 -0.0568842 0.452746 0 0
v -0.308717 -0.223605 0.347479 0 0
v -0.311303 0.200885 0.496711 0 0
v -0.297365 0.275989 0.458027 0 0
v -0.302716 0.12025 0.567124 0 0
v -0.322746 0.0561484 0.458239 0 0
v -0.325934 0.0390344 0.454886 0 0
v -0.329455 -0.032335 0.456906 0 0
v -0.301529 -0.235629 0.380819 0 0
v -0.300909 0.205517 0.550021 0 0
v -0.29776 0.0423202 0.534998 0 0
v -0.316574 0.0232067 0.400518 0 0
v -0.337102 -0.0521182 0.447745 0 0
v -0.315412 -0.0842966 0.500995 0 0
v -0.311247 -0.107744 0.495371 0 0
v -0.285905 -0.112083 0.468057 0 0
v -0.333013 0.332051 0.463905 0 0
v -0.321431 0.275017 0.532678 0 0
v -0.309551 0.248969 0.552168 0 0
v -0.336265 0.190704 0.528434 0 0
v -0.316837 0.198687 0.504738 0 0
v -0.310887 0.130586 0.562692 0 0
v -0.307954 -0.0522649 0.457894 0 0
v -0.288853 -0.01856 0.406514 0 0
v -0.297626 -0.172873 0.467214 0 0
v -0.279969 -0.251473 0.416361 0 0
v -0.348804 0.0533352 0.457569 0 0
v -0.308678 -0.185448 0.47088 0 0
v -0.307848 -0.253644 0.388166 0 0
v -0.275957 0.313548 0.466691 0 0
v -0.271793 0.105882 0.573016 0 0
v -0.302427 0.0957314 0.59119 0 0
v -0.316998 -0.085469 0.45074 0 0
v -0.32307 -0.0989987 0.482952 0 0
v -0.330045 -0.139448 0.441918 0 0
v -0.252441 0.165979 0.552623 0 0
v -0.32519 -0.205671 0.444563 0 0
v -0.305182 0.311308 0.472071 0 0
v -0.304382 0.269882 0.497732 0 0
v -0.270429 0.0456036 0.546638 0 0
v -0.302138 0.0132627 0.440977 0 0
v -0.289377 -0.122825 0.495339 0 0
v -0.306862 0.103945 0.58471 0 0
v -0.299953 -0.0695232 0.468126 0 0
v -0.322709 -0.133969 0.472431 0 0
v -0.300226 0.287145 0.504552 0 0
v -0.26837 -0.134316 0.520428 0 0
v -0.275227 -0.0815188 0.477888 0 0
v -0.289551 -0.139967 0.463191 0 0
v -0.314238 -0.282516 0.409345 0 0
v -0.274642 -0.0407134 0.476109 0 0
v -0.278314 -0.0419825 0.442526 0 0
v -0.297465 -0.0543379 0.510281 0 0
v -0.277463 0.167909 0.57113 0 0
v -0.298283 0.174674 0.531181 0 0
v -0.32564 -0.153099 0.469995 0 0
v -0.312639 -0.290642 0.334544 0 0
v -0.237949 0.164477 0.567741 0 0
v -0.282919 -0.104967 0.504557 0 0
v -0.272875 -0.222945 0.398282 0 0
v -0.309191 -0.26264 0.389447 0 0
v -0.299841 0.229131 0.520653 0 0
v -0.32675 0.288773 0.540127 0 0
v -0.274228 -0.0684445 0.485889 0 0
v -0.283076 -0.138924 0.493582 0 0
v -0.281411 -0.301239 0.322725 0 0
v -0.285733 0.236708 0.5206 0 0
v -0.283905 0.184767 0.563228 0 0
v -0.297619 -0.0948935 0.507945 0 0
v -0.292314 -0.200352 0.496159 0 0
v -0.30638 0.332017 0.424971 0 0
v -0.29012 0.202038 0.503905 0 0
v -0.268054 0.0315826 0.564769 0 0
v -0.258497 0.0453933 0.533106 0 0
v -0.316797 -0.0276191 0.465839 0 0
v -0.288399 -0.0247036 0.464716 0 0
v -0.286688 -0.549213 0.280695 0 0
v -0.26293 0.128287 0.605619 0 0
v -0.258888 -0.150356 0.475116 0 0
v -0.265774 0.297804 0.476947 0 0
v -0.242033 0.247876 0.502358 0 0
v -0.258894 0.19913 0.566608 0 0
v -0.273486 0.319064 0.517409 0 0
v -0.266548 0.299199 0.50688 0 0
v -0.309252 -0.122219 0.432898 0 0
v -0.286829 0.20926 0.497219 0 0
v -0.259667 0.0645557 0.596236 0 0
v -0.276858 -0.0807335 0.440789 0 0
v -0.323115 -0.527496 0.25073 0 0
v -0.261925 0.244313 0.492437 0 0
v -0.248399 0.285466 0.510415 0 0
v -0.255585 0.186554 0.52128 0 0
v -0.295845 -0.0531033 0.495033 0 0
v -0.259955 -0.20023 0.457884 0 0
v -0.299736 0.297195 0.496845 0 0
v -0.246643 0.25769 0.546452 0 0
v -0.250914 0.107332 0.594167 0 0
v -0.252896 -0.108705 0.489241 0 0
v -0.260924 0.300189 0.505857 0 0
v -0.238643 0.296315 0.520455 0 0
v -0.242735 -0.0531703 0.450191 0 0
v -0.283977 -0.086436 0.496824 0 0
v -0.268857 0.295542 0.483422 0 0
v -0.217175 0.171445 0.561581 0 0
v -0.252409 0.0386316 0.479877 0 0
v -0.280496 -0.0467559 0.486465 0 0
v -0.317455 -0.281255 0.429795 0 0
v -0.266503 0.0294288 0.539934 0 0
v -0.266502 -0.0946832 0.497168 0 0
v -0.331027 -0.502391 0.3081 0 0
v -0.266512 0.166772 0.54162 0 0
v -0.284653 -0.316997 0.356106 0 0
v -0.2581 0.347986 0.479663 0 0
v -0.286528 -0.0551517 0.511096 0 0
v -0.288604 -0.528987 0.278804 0 0
v -0.266821 -0.522832 0.300411 0 0
v -0.278252 0.305873 0.48962 0 0
v -0.253178 0.203252 0.555596 0 0
v -0.287014 0.0664814 0.553754 0 0
v -0.264731 0.18917 0.604814 0 0
v -0.251512 -0.499963 0.28256 0 0
v -0.251975 0.102664 0.581909 0 0
v -0.275424 -0.0382288 0.475277 0 0
v -0.243185 -0.0969388 0.496253 0 0
v -0.258886 0.270866 0.486623 0 0
v -0.236722 -0.0322014 0.456316 0 0
v -0.254755 -0.0472888 0.475598 0 0
v -0.210789 -0.143197 0.474671 0 0
v -0.2603 0.138444 0.574922 0 0
v -0.253887 -0.474224 0.304601 0 0
v -0.291889 -0.52049 0.322771 0 0
v -0.281325 0.21294 0.546102 0 0
v -0.256766 0.228883 0.56825 0 0
v -0.222957 0.147143 0.562267 0 0
v -0.256206 0.0420392 0.424806 0 0
v -0.237084 0.171638 0.595275 0 0
v -0.280281 0.0533469 0.449014 0 0
v -0.271816 -0.205495 0.517236 0 0
v -0.246015 0.0537492 0.600045 0 0
v -0.258874 0.0369789 0.49453 0 0
v -0.233202 0.0106931 0.457112 0 0
v -0.239818 -0.0353448 0.483555 0 0
v -0.28964 -0.141067 0.508733 0 0
v -0.266691 -0.249624 0.466284 0 0
v -0.234809 -0.0232496 0.436141 0 0
v -0.245105 -0.0243359 0.49162 0 0
v -0.231889 -0.205068 0.491743 0 0
v -0.263069 -0.259701 0.421034 0 0
v -0.257771 -0.212203 0.434924 0 0
v -0.245472 -0.0582156 0.450925 0 0
v -0.222648 -0.180885 0.444572 0 0
v -0.265634 -0.35569 0.352978 0 0
v -0.247534 0.265967 0.555113 0 0
v -0.236491 0.157971 0.586177 0 0
v -0.195852 0.150061 0.569524 0 0
v -0.313087 -0.125381 0.476971 0 0
v -0.233863 0.174115 0.560744 0 0
v -0.257082 -0.0569952 0.450656 0 0
v -0.244818 -0.0791747 0.501872 0 0
v -0.230994 -0.14541 0.464227 0 0
v -0.242949 -0.194067 0.498353 0 0
v -0.28072 -0.517011 0.318547 0 0
v -0.243103 0.336572 0.497594 0 0
v -0.248811 0.273539 0.525111 0 0
v -0.261766 -0.25871 0.460113 0 0
v -0.276182 -0.268871 0.412866 0 0
v -0.23971 -0.111784 0.497973 0 0
v -0.24992 -0.269708 0.382523 0 0
v -0.208865 0.310159 0.518195 0 0
v -0.229396 0.0455154 0.622072 0 0
v -0.245402 0.0941961 0.621984 0 0
v -0.272193 0.000423334 0.467518 0 0
v -0.234585 -0.125438 0.495827 0 0
v -0.221972 0.251455 0.554872 0 0
v -0.227022 0.216137 0.61874 0 0
v -0.248877 -0.00856935 0.479203 0 0
v -0.253043 -0.150732 0.512072 0 0
v -0.241908 -0.279861 0.389908 0 0
v -0.235684 0.2986 0.487588 0 0
v -0.243452 -0.167786 0.511713 0 0
v -0.249316 -0.00450215 0.512677 0 0
v -0.196797 -0.161128 0.479902 0 0
v -0.263424 -0.149314 0.474946 0 0
v -0.214136 0.159495 0.576487 0 0
v -0.230458 -0.21345 0.467443 0 0
v -0.285221 0.330825 0.472133 0 0
v -0.230656 0.271933 0.562439 0 0
v -0.270445 0.226244 0.524532 0 0
v -0.237909 0.0609664 0.576155 0 0
v -0.217735 0.00692647 0.474683 0 0
v -0.25011 -0.094822 0.510417 0 0
v -0.305152 -0.499531 0.303425 0 0
v -0.279694 -0.309729 0.444455 0 0
v -0.240293 -0.317177 0.355431 0 0
v -0.271567 -0.534225 0.308672 0 0
v -0.250495 0.134211 0.585234 0 0
v -0.20694 -0.103699 0.493853 0 0
v -0.249359 -0.106133 0.479008 0 0
v -0.2137 -0.171347 0.514813 0 0
v -0.219844 0.313865 0.50079 0 0
v -0.236406 0.216151 0.585355 0 0
v -0.195168 0.249789 0.540099 0 0
v -0.253983 0.167363 0.576969 0 0
v -0.21591 -0.206581 0.471839 0 0
v -0.238719 -0.248793 0.444223 0 0
v -0.287194 -0.433719 0.301285 0 0
v -0.207596 0.247467 0.539497 0 0
v -0.229847 0.136673 0.597036 0 0
v -0.245695 -0.0568482 0.458021 0 0
v -0.221869 -0.140645 0.490622 0 0
v -0.247611 -0.298701 0.43556 0 0
v -0.266769 -0.513276 0.298752 0 0
v -0.218192 0.251812 0.60023 0 0
v -0.22366 0.0645174 0.594539 0 0
v -0.219506 0.0275783 0.556553 0 0
v -0.244264 -0.0628864 0.513696 0 0
v -0.253513 -0.243187 0.465048 0 0
v -0.223871 0.296864 0.497568 0 0
v -0.204819 0.15206 0.57499 0 0
v -0.240899 0.039337 0.532621 0 0
v -0.233401 -0.478031 0.297588 0 0
v -0.281929 -0.0258931 0.445394 0 0
v -0.238492 -0.0650563 0.496699 0 0
v -0.27086 -0.464174 0.283147 0 0
v -0.210964 0.156795 0.594226 0 0
v -0.224254 0.1071 0.601771 0 0
v -0.239337 0.120855 0.627803 0 0
v -0.238009 -0.231971 0.4543 0 0
v -0.239013 -0.474756 0.292272 0 0
v -0.25416 -0.542986 0.326613 0 0
v -0.211136 0.305274 0.511942 0 0
v -0.20126 0.0564374 0.593698 0 0
v -0.233251 -0.0217205 0.457949 0 0
v -0.215777 0.345656 0.42595 0 0
v -0.220433 0.277938 0.505677 0 0
v -0.206736 0.080249 0.58498 0 0
v -0.223056 0.0573877 0.565966 0 0
v -0.240611 -0.478212 0.297427 0 0
v -0.207421 -0.473143 0.330754 0 0
v -0.247925 -0.500046 0.309321 0 0
v -0.242627 0.368568 0.479371 0 0
v -0.201139 0.224765 0.570691 0 0
v -0.226911 0.156429 0.563748 0 0
v -0.199438 0.058879 0.526884 0 0
v -0.201112 0.00234114 0.468568 0 0
v -0.19331 -0.194027 0.454925 0 0
v -0.210942 -0.19511 0.46983 0 0
v -0.2439 -0.464296 0.267198 0 0
v -0.253666 0.329562 0.503118 0 0
v -0.192428 0.260336 0.534157 0 0
v -0.226382 -0.110985 0.551222 0 0
v -0.22914 0.321626 0.470384 0 0
v -0.258921 -0.534812 0.349126 0 0
v -0.22128 0.254378 0.54186 0 0
v -0.215697 0.198618 0.576212 0 0
v -0.162956 0.0836519 0.585974 0 0
v -0.198326 -0.115201 0.497164 0 0
v -0.228534 -0.153604 0.493884 0 0
v -0.207032 0.175345 0.602511 0 0
v -0.218591 -0.0820551 0.485265 0 0
v -0.202783 -0.233933 0.475305 0 0
v -0.24245 -0.339697 0.393823 0 0
v -0.265214 -0.460289 0.323325 0 0
v -0.237396 -0.507082 0.308021 0 0
v -0.224526 0.0309932 0.509672 0 0
v -0.241353 0.333636 0.492599 0 0
v -0.18553 0.0633658 0.565779 0 0
v -0.223877 0.0496279 0.525848 0 0
v -0.246928 -0.484295 0.297791 0 0
v -0.176299 0.0223762 0.542923 0 0
v -0.205434 -0.0875712 0.501859 0 0
v -0.228006 0.206558 0.58277 0 0
v -0.183876 0.314643 0.452242 0 0
v -0.232823 -0.122206 0.499501 0 0
v -0.219784 0.0707062 0.571418 0 0
v -0.187784 -0.105273 0.485887 0 0
v -0.23255 -0.182182 0.481516 0 0
v -0.244855 -0.342488 0.367394 0 0
v -0.19515 0.208599 0.542039 0 0
v -0.168874 0.189237 0.553755 0 0
v -0.191296 -0.0803251 0.477117 0 0
v -0.191212 -0.128207 0.480568 0 0
v -0.205418 0.141037 0.589278 0 0
v -0.20505 0.20703 0.545975 0 0
v -0.197766 0.218084 0.584201 0 0
v -0.184706 -0.189566 0.463631 0 0
v -0.204843 0.351286 0.386583 0 0
v -0.189445 0.16893 0.57953 0 0
v -0.204179 -0.0913557 0.503159 0 0
v -0.214271 -0.190847 0.506407 0 0
v -0.201515 0.139274 0.553333 0 0
v -0.171533 0.0699175 0.571116 0 0
v -0.209607 -0.0274759 0.478246 0 0
v -0.173381 -0.205352 0.505953 0 0
v -0.208813 0.0717374 0.561695 0 0
v -0.189606 -0.0100767 0.499886 0 0
v -0.221192 -0.0940184 0.53336 0 0
v -0.238198 -0.163435 0.507009 0 0
v -0.195131 -0.292147 0.441512 0 0
v -0.250203 -0.247178 0.431334 0 0
v -0.20578 -0.526913 0.316705 0 0
v -0.199249 0.283687 0.467461 0 0
v -0.2116 0.216698 0.549242 0 0
v -0.203032 -0.126517 0.502473 0 0
v -0.24722 -0.532045 0.327117 0 0
v -0.212118 0.00566704 0.492133 0 0
v -0.161592 -0.17865 0.514386 0 0
v -0.217497 -0.282997 0.428985 0 0
v -0.215753 -0.475875 0.299461 0 0
v -0.169146 0.289229 0.533615 0 0
v -0.220106 -0.121895 0.497669 0 0
v -0.173164 0.306158 0.51102 0 0
v -0.24527 -0.424476 0.210169 0 0
v -0.236296 -0.448151 0.216783 0 0
v -0.226637 -0.524006 0.345812 0 0
v -0.164372 0.28663 0.52887 0 0
v -0.214585 0.29924 0.565143 0 0
v -0.169494 0.135054 0.595201 0 0
v -0.181615 0.0680286 0.542857 0 0
v -0.18871 -0.103389 0.494064 0 0
v -0.175191 -0.146497 0.480289 0 0
v -0.254857 -0.416634 0.174569 0 0
v -0.165041 0.106883 0.5814 0 0
v -0.207335 -0.0605596 0.497462 0 0
v -0.197213 0.123622 0.562861 0 0
v -0.229039 -0.190535 0.538038 0 0
v -0.135407 -0.184601 0.490661 0 0
v -0.188959 -0.205368 0.489493 0 0
v -0.263348 -0.428029 0.239333 0 0
v -0.206542 0.231273 0.520755 0 0
v -0.173823 0.0631182 0.586371 0 0
v -0.243812 -0.288666 0.453878 0 0
v -0.217065 -0.422272 0.250208 0 0
v -0.223159 -0.394064 0.207511 0 0
v -0.193461 0.129149 0.616654 0 0
v -0.198184 -0.0167382 0.492523 0 0
v -0.215216 -0.190237 0.492965 0 0
v -0.181123 0.331844 0.465458 0 0
v -0.202494 0.0291379 0.530581 0 0
v -0.198768 -0.1255 0.511782 0 0
v -0.193867 -0.318702 0.417517 0 0
v -0.191976 0.257661 0.511122 0 0
v -0.115718 0.114522 0.583144 0 0
v -0.187745 0.11331 0.561613 0 0
v -0.202263 -0.542603 0.366313 0 0
v -0.199483 0.327267 0.395171 0 0
v -0.204816 0.183157 0.581168 0 0
v -0.211826 0.141653 0.566292 0 0
v -0.200296 -0.0709258 0.461082 0 0
v -0.211359 -0.48748 0.243639 0 0
v -0.179866 -0.115575 0.49915 0 0
v -0.184188 -0.160909 0.513789 0 0
v -0.190862 -0.317976 0.363533 0 0
v -0.202367 -0.392249 0.190977 0 0
v -0.17649 -0.506495 0.289137 0 0
v -0.187143 0.161441 0.595976 0 0
v -0.152267 0.0466853 0.579387 0 0
v -0.165389 -0.124537 0.478942 0 0
v -0.18823 -0.120122 0.530725 0 0
v -0.164942 -0.182062 0.514242 0 0
v -0.224044 -0.337247 0.405076 0 0
v -0.162061 0.143893 0.605025 0 0
v -0.183881 -0.181552 0.523214 0 0
v -0.231318 -0.464788 0.316652 0 0
v -0.184929 0.0649097 0.567083 0 0
v -0.164609 -0.210932 0.485043 0 0
v -0.207025 -0.253585 0.437054 0 0
v -0.17802 -0.476104 0.31007 0 0
v -0.225899 -0.539831 0.366987 0 0
v -0.171935 0.32035 0.458971 0 0
v -0.137065 0.19273 0.561468 0 0
v -0.210389 -0.00440488 0.491573 0 0
v -0.177183 -0.0724571 0.491253 0 0
v -0.172396 -0.0525726 0.480722 0 0
v -0.229398 -0.2388 0.458518 0 0
v -0.16161 0.346679 0.45027 0 0
v -0.1592 -0.0292145 0.456824 0 0
v -0.208542 -0.323166 0.414725 0 0
v -0.216965 0.171519 0.599317 0 0
v -0.199339 0.0482889 0.539373 0 0
v -0.156042 -0.232309 0.482247 0 0
v -0.212166 -0.29528 0.432501 0 0
v -0.15277 -0.54085 0.344301 0 0
v -0.123612 0.0952222 0.585068 0 0
v -0.174588 0.066465 0.528639 0 0
v -0.126827 0.076726 0.568056 0 0
v -0.150889 -0.154856 0.493691 0 0
v -0.179784 -0.219618 0.477033 0 0
v -0.222699 -0.376978 0.247585 0 0
v -0.155463 0.221931 0.578492 0 0
v -0.174481 0.108142 0.580489 0 0
v -0.17478 0.0738563 0.571973 0 0
v -0.172365 -0.14543 0.518335 0 0
v -0.183672 0.301989 0.523162 0 0
v -0.196436 -0.0139765 0.449016 0 0
v -0.157888 -0.110203 0.49799 0 0
v -0.181921 -0.346483 0.2835 0 0
v -0.194768 0.0257607 0.46952 0 0
v -0.215699 -0.461639 0.316145 0 0
v -0.184549 0.162409 0.559598 0 0
v -0.141329 -0.0530839 0.481581 0 0
v -0.210164 -0.171427 0.515972 0 0
v -0.122123 0.0595255 0.56493 0 0
v -0.163893 -0.29548 0.376482 0 0
v -0.159518 0.326381 0.48943 0 0
v -0.129824 0.276409 0.588738 0 0
v -0.136094 0.0680019 0.545404 0 0
v -0.159474 -0.272238 0.472357 0 0
v -0.229342 -0.420007 0.254021 0 0
v -0.161084 -0.438157 0.271715 0 0
v -0.194477 0.236826 0.489209 0 0
v -0.164305 0.171449 0.589601 0 0
v -0.153875 0.0741758 0.557902 0 0
v -0.211794 -0.407804 0.24291 0 0
v -0.151789 0.181435 0.608436 0 0
v -0.182232 -0.0418347 0.485976 0 0
v -0.132655 -0.224669 0.494199 0 0
v -0.151694 0.248284 0.539153 0 0
v -0.146213 0.157988 0.573578 0 0
v -0.15915 -0.318217 0.418324 0 0
v -0.21385 -0.438296 0.284616 0 0
v -0.174605 -0.13071 0.514824 0 0
v -0.155408 -0.157195 0.50726 0 0
v -0.159322 -0.226171 0.48755 0 0
v -0.170001 0.230523 0.551674 0 0
v -0.129381 -0.129448 0.508027 0 0
v -0.134994 0.0921668 0.565094 0 0
v -0.148038 0.0785966 0.578552 0 0
v -0.145575 -0.043593 0.478469 0 0
v -0.149929 -0.222823 0.516181 0 0
v -0.175488 0.308648 0.486719 0 0
v -0.157916 0.265095 0.53544 0 0
v -0.149551 0.13621 0.587856 0 0
v -0.179623 -0.0463282 0.48501 0 0
v -0.159057 -0.0863124 0.495437 0 0
v -0.13481 -0.198151 0.529892 0 0
v -0.16443 -0.244254 0.499475 0 0
v -0.163048 -0.269996 0.470339 0 0
v -0.227231 -0.488076 0.286319 0 0
v -0.156345 -0.0651336 0.506717 0 0
v -0.134891 -0.502719 0.43328 0 0
v -0.123101 0.0827039 0.582597 0 0
v -0.162812 0.0699279 0.525053 0 0
v -0.176884 -0.0172527 0.472209 0 0
v -0.134196 -0.193118 0.505961 0 0
v -0.145249 -0.360022 0.357189 0 0
v -0.166584 -0.428465 0.273476 0 0
v -0.154593 -0.508316 0.389612 0 0
v -0.152518 -0.0389894 0.519357 0 0
v -0.192034 -0.0385904 0.482521 0 0
v -0.154965 -0.377369 0.323655 0 0
v -0.169807 0.0949784 0.606238 0 0
v -0.160834 -0.053937 0.487746 0 0
v -0.194231 -0.195428 0.472383 0 0
v -0.162738 -0.218251 0.510523 0 0
v -0.162609 -0.475534 0.297437 0 0
v -0.152881 -0.520149 0.440308 0 0
v -0.145903 0.233625 0.509126 0 0
v -0.168987 0.216695 0.554988 0 0
v -0.148803 -0.294478 0.456855 0 0
v -0.16303 -0.361771 0.377908 0 0
v -0.141749 -0.250564 0.442174 0 0
v -0.182 0.103923 0.599666 0 0
v -0.17612 0.0527406 0.577795 0 0
v -0.141349 0.252986 0.489281 0 0
v -0.160853 0.0784942 0.56417 0 0
v -0.168718 0.0199002 0.553213 0 0
v -0.162413 -0.429716 0.258726 0 0
v -0.136284 0.295178 0.453058 0 0
v -0.123543 0.22655 0.509077 0 0
v -0.140772 0.0055224 0.461661 0 0
v -0.138663 -0.47148 0.220369 0 0
v -0.153529 -0.493933 0.440549 0 0
v -0.144554 0.0367119 0.536017 0 0
v -0.134009 -0.0250136 0.448436 0 0
v -0.125584 -0.0107581 0.50758 0 0
v -0.138584 -0.0637026 0.465951 0 0
v -0.140731 -0.0816469 0.470578 0 0
v -0.120321 -0.245582 0.456738 0 0
v -0.153786 0.0494507 0.5436 0 0
v -0.163751 -0.500518 0.384868 0 0
v -0.1634 0.415532 0.118382 0 0
v -0.14947 0.0669589 0.563838 0 0
v -0.170873 -0.509404 0.338425 0 0
v -0.165914 -0.507009 0.391658 0 0
v -0.136384 0.289501 0.49619 0 0
v -0.158232 0.0331048 0.524524 0 0
v -0.141392 -0.145554 0.529769 0 0
v -0.127254 -0.492136 0.443151 0 0
v -0.134053 0.0277925 0.472313 0 0
v -0.13864 -0.215704 0.473706 0 0
v -0.152125 -0.353857 0.350529 0 0
v -0.133223 -0.496645 0.405119 0 0
v -0.133963 -0.170158 0.50324 0 0
v -0.135202 -0.241995 0.488653 0 0
v -0.1241 0.0488732 0.533281 0 0
v -0.137613 -0.0930509 0.459755 0 0
v -0.171178 -0.476128 0.327991 0 0
v -0.144497 -0.0295605 0.475769 0 0
v -0.175298 -0.411414 0.233456 0 0
v -0.171149 -0.540747 0.470132 0 0
v -0.163051 0.3184 0.450487 0 0
v -0.150538 0.3163 0.472481 0 0
v -0.132276 0.165171 0.582445 0 0
v -0.149204 0.0448085 0.447091 0 0
v -0.123625 -0.0751081 0.471832 0 0
v -0.0966861 -0.106004 0.508545 0 0
v -0.128969 -0.197916 0.50057 0 0
v -0.146006 -0.145997 0.520111 0 0
v -0.159266 -0.427671 0.247099 0 0
v -0.175419 -0.468371 0.41756 0 0
v -0.140744 -0.166404 0.473542 0 0
v -0.111043 -0.479203 0.325808 0 0
v -0.133163 -0.500953 0.490814 0 0
v -0.12381 0.173868 0.571633 0 0
v -0.11155 0.0674312 0.57042 0 0
v -0.172138 -0.513729 0.317237 0 0
v -0.162492 -0.0162543 0.430392 0 0
v -0.178675 -0.312398 0.435283 0 0
v -0.174983 -0.367261 0.326667 0 0
v -0.146436 -0.422626 0.260795 0 0
v -0.172206 -0.433824 0.269948 0 0
v -0.130847 -0.537233 0.444639 0 0
v -0.125523 0.126346 0.58201 0 0
v -0.129412 -0.00870301 0.401991 0 0
v -0.131465 -0.0154757 0.452694 0 0
v -0.135167 -0.0314466 0.480103 0 0
v -0.118459 -0.0802509 0.467042 0 0
v -0.139364 -0.169562 0.47203 0 0
v -0.124262 0.258597 0.522066 0 0
v -0.102164 0.134071 0.555809 0 0
v -0.126821 -0.041852 0.468118 0 0
v -0.126611 -0.0889699 0.488899 0 0
v -0.134776 -0.125605 0.474331 0 0
v -0.125711 0.140769 0.578533 0 0
v -0.136947 -0.0585954 0.46009 0 0
v -0.14006 -0.0565269 0.511582 0 0
v -0.153916 -0.0917386 0.506439 0 0
v -0.152926 -0.233669 0.508318 0 0
v -0.172318 -0.340524 0.38956 0 0
v -0.127576 -0.432416 0.247796 0 0
v -0.119757 0.308907 0.407244 0 0
v -0.157587 0.159428 0.580075 0 0
v -0.0965676 0.0347801 0.474434 0 0
v -0.108589 -0.217744 0.514752 0 0
v -0.110956 -0.219519 0.48288 0 0
v -0.183571 -0.375381 0.263339 0 0
v -0.10948 0.0396504 0.511283 0 0
v -0.125125 -0.0712315 0.514656 0 0
v -0.156176 -0.312612 0.368601 0 0
v -0.123227 0.123184 0.589152 0 0
v -0.0921863 -0.161183 0.479431 0 0
v -0.138221 0.320508 0.434215 0 0
v -0.103965 0.0998252 0.584053 0 0
v -0.106439 0.092595 0.526147 0 0
v -0.166518 -0.217605 0.421938 0 0
v -0.13479 -0.33221 0.406738 0 0
v -0.159374 -0.492203 0.451071 0 0
v -0.138582 0.376955 0.196935 0 0
v -0.133442 0.2609 0.512223 0 0
v -0.112518 0.0381701 0.512605 0 0
v -0.152504 -0.438122 0.256927 0 0
v -0.11501 0.100837 0.529942 0 0
v -0.125498 -0.0505947 0.463852 0 0
v -0.110566 -0.16714 0.496891 0 0
v -0.0868515 0.113837 0.560531 0 0
v -0.112327 0.0322962 0.572153 0 0
v -0.104046 -0.0973959 0.516354 0 0
v -0.121646 -0.132611 0.452714 0 0
v -0.117891 -0.0890598 0.497706 0 0
v -0.147747 -0.40147 0.258093 0 0
v -0.163804 0.479017 0.106144 0 0
v -0.115678 0.313483 0.426481 0 0
v -0.122229 0.316977 0.458021 0 0
v -0.142122 0.273242 0.46398 0 0
v -0.117376 0.12043 0.549136 0 0
v -0.134904 -0.36711 0.274689 0 0
v -0.105097 -0.395316 0.246257 0 0
v -0.118405 -0.460536 0.479216 0 0
v -0.129736 0.230818 0.489639 0 0
v -0.159545 -0.448419 0.460353 0 0
v -0.0847512 0.220036 0.494948 0 0
v -0.152083 -0.435613 0.297816 0 0
v -0.0691885 -0.122257 0.467851 0 0
v -0.142549 -0.422603 0.294117 0 0
v -0.174511 0.424399 0.155415 0 0
v -0.115885 -0.108228 0.500836 0 0
v -0.111384 -0.251359 0.438665 0 0
v -0.163199 -0.468464 0.433403 0 0
v -0.0692947 -0.510085 0.463013 0 0
v -0.0793229 -0.553264 0.466692 0 0
v -0.0875946 0.264344 0.427836 0 0
v -0.12145 -0.384477 0.347957 0 0
v -0.107589 -0.448061 0.467732 0 0
v -0.145647 0.463861 0.119918 0 0
v -0.0877395 0.145384 0.545128 0 0
v -0.135262 -0.486814 0.306395 0 0
v -0.101348 0.0931592 0.521949 0 0
v -0.0818335 -0.254186 0.481662 0 0
v -0.174627 -0.0739341 0.451999 0 0
v -0.107569 -0.499088 0.448326 0 0
v -0.118725 0.259141 0.423531 0 0
v -0.109056 -0.0119059 0.464684 0 0
v -0.10505 -0.224577 0.472505 0 0
v -0.0872441 0.00699871 0.429451 0 0
v -0.149021 0.45491 0.0993571 0 0
v -0.0959235 0.083435 0.562487 0 0
v -0.103117 -0.274907 0.447638 0 0
v -0.118591 -0.257952 0.464057 0 0
v -0.13495 0.0583577 0.518271 0 0
v -0.0989481 -0.117721 0.488774 0 0
v -0.140135 -0.45961 0.458594 0 0
v -0.107274 0.295297 0.389203 0 0
v -0.13929 -0.191051 0.44243 0 0
v -0.12326 -0.378405 0.319007 0 0
v -0.085885 -0.138766 0.488195 0 0
v -0.129592 -0.41453 0.322328 0 0
v -0.117244 0.153215 0.542749 0 0
v -0.0871579 0.0742795 0.401916 0 0
v -0.13609 -0.0784282 0.495711 0 0
v -0.0541185 -0.197849 0.504023 0 0
v -0.123052 -0.1491 0.52158 0 0
v -0.158667 0.484648 0.0643494 0 0
v -0.0823949 0.306789 0.391793 0 0
v -0.118921 0.0174254 0.402746 0 0
v -0.0726741 -0.0299 0.448715 0 0
v -0.14011 -0.258696 0.441097 0 0
v -0.138738 0.454235 0.106483 0 0
v -0.15028 0.299202 0.354586 0 0
v -0.094672 0.0374576 0.425681 0 0
v -0.12072 0.243277 0.336111 0 0
v -0.10174 0.218823 0.375413 0 0
v -0.127698 -0.178182 0.470184 0 0
v -0.0662472 -0.221362 0.4897 0 0
v -0.104951 -0.331254 0.353262 0 0
v -0.118381 -0.330609 0.400798 0 0
v -0.0858501 0.291625 0.332014 0 0
v -0.0956709 0.173065 0.433238 0 0
v -0.102419 0.206805 0.406837 0 0
v -0.0883191 -0.0525299 0.455216 0 0
v -0.118155 -0.0333868 0.425627 0 0
v -0.086592 -0.0688493 0.477786 0 0
v -0.10403 -0.465614 0.451526 0 0
v -0.0610169 0.06946 0.498523 0 0
v -0.11587 -0.184921 0.499495 0 0
v -0.105063 -0.369293 0.349803 0 0
v -0.130949 0.044111 0.388043 0 0
v -0.0820703 -0.0636956 0.50586 0 0
v -0.0706821 -0.513164 0.503041 0 0
v -0.138448 0.465477 0.0279229 0 0
v -0.0627785 0.0986617 0.534225 0 0
v -0.0873227 0.062171 0.531135 0 0
v -0.108522 -0.268059 0.436743 0 0
v -0.113392 -0.335153 0.445376 0 0
v -0.0874003 -0.358309 0.348714 0 0
v -0.118558 0.343127 0.114936 0 0
v -0.110059 0.059405 0.580578 0 0
v -0.0981179 0.0251447 0.438377 0 0
v -0.0781071 -0.307954 0.419885 0 0
v -0.115075 0.449121 0.0743281 0 0
v -0.136719 0.42624 0.0523906 0 0
v -0.0965596 -0.00595617 0.439119 0 0
v -0.098234 -0.501582 0.478667 0 0
v -0.13681 0.0706084 0.371883 0 0
v -0.119239 -0.274172 0.452797 0 0
v -0.116909 0.434162 0.0232784 0 0
v -0.0859571 0.361912 0.0818657 0 0
v -0.0703303 0.151584 0.538283 0 0
v -0.10257 0.017743 0.408403 0 0
v -0.0975376 -0.102501 0.501232 0 0
v -0.0561231 -0.169675 0.470578 0 0
v -0.0575933 -0.155144 0.462546 0 0
v -0.0936415 -0.359196 0.402713 0 0
v -0.076967 -0.421197 0.354841 0 0
v -0.0823471 -0.361917 0.352222 0 0
v -0.0958141 -0.470901 0.495249 0 0
v -0.0828031 0.388441 0.0264434 0 0
v -0.0631007 0.0657048 0.383287 0 0
v -0.0873641 0.0142653 0.414355 0 0
v -0.104945 -0.116379 0.498821 0 0
v -0.073374 0.10888 0.510325 0 0
v -0.0500844 -0.00875267 0.421179 0 0
v -0.107582 -0.0986079 0.47828 0 0
v -0.13198 -0.182946 0.480889 0 0
v -0.0776759 -0.359445 0.334745 0 0
v -0.0516408 -0.0337805 0.425489 0 0
v -0.0587789 -0.11815 0.49959 0 0
v -0.0847028 -0.443386 0.377465 0 0
v -0.030354 -0.456885 0.462303 0 0
v -0.0949066 -0.431782 0.493106 0 0
v -0.0734473 0.169004 0.43741 0 0
v -0.0829037 -0.121886 0.498321 0 0
v -0.0801574 -0.383912 0.332312 0 0
v -0.0840062 -0.00067331 0.437763 0 0
v -0.0516148 -0.427987 0.334381 0 0
v -0.0791683 -0.424356 0.433425 0 0
v -0.103549 -0.520686 0.468179 0 0
v -0.0921133 0.325533 0.0845312 0 0
v -0.0881765 -0.169177 0.471395 0 0
v -0.0699655 -0.153191 0.495502 0 0
v -0.0824185 -0.0232027 0.429192 0 0
v -0.0424915 -0.0994459 0.450699 0 0
v -0.0685883 -0.169174 0.455296 0 0
v -0.104451 -0.30372 0.418268 0 0
v -0.109097 -0.447975 0.42057 0 0
v -0.0845772 -0.177043 0.471685 0 0
v -0.091913 0.368273 0.0793928 0 0
v -0.0899176 0.152666 0.465266 0 0
v -0.0551046 -0.257675 0.406221 0 0
v -0.135764 0.493991 -0.01882 0 0
v -0.0594277 -0.0274733 0.441143 0 0
v -0.0588249 -0.482387 0.465571 0 0
v -0.0839579 0.491332 -0.0304679 0 0
v -0.126519 0.514605 -0.0186993 0 0
v -0.0487722 0.0368988 0.386579 0 0
v -0.0775171 -0.211607 0.481582 0 0
v -0.0670675 -0.457446 0.434947 0 0
v -0.0916966 0.512897 -0.0767514 0 0
v -0.109765 0.41226 -0.0783932 0 0
v -0.0902724 -0.115463 0.47076 0 0
v -0.0437976 -0.0981538 0.475316 0 0
v -0.0893902 -0.355693 0.342412 0 0
v -0.0507525 -0.505816 0.484757 0 0
v -0.0940623 0.490634 -0.0755406 0 0
v -0.112176 0.357219 0.102687 0 0
v -0.0776331 -0.0609937 0.427844 0 0
v -0.0883561 -0.259755 0.444019 0 0
v -0.0732552 -0.467642 0.462489 0 0
v -0.0190352 -0.488787 0.470449 0 0
v -0.0489682 0.125835 0.449232 0 0
v -0.125645 0.528072 -0.0980779 0 0
v -0.0617489 0.0342323 0.386563 0 0
v -0.0775217 -0.0917537 0.462663 0 0
v -0.0645212 -0.448965 0.378413 0 0
v -0.0559787 0.500793 -0.0489657 0 0
v -0.0896767 0.468588 -0.0386366 0 0
v -0.122941 0.411103 -0.0243177 0 0
v -0.0717891 0.347837 0.0226036 0 0
v -0.0696723 0.0125234 0.388708 0 0
v -0.0423673 -0.1524 0.453041 0 0
v -0.0418667 -0.142117 0.496283 0 0
v -0.0553133 -0.201489 0.43773 0 0
v -0.0875466 0.0444649 0.357732 0 0
v -0.0736757 0.0344963 0.416361 0 0
v -0.0646979 -0.427787 0.462924 0 0
v -0.0265722 0.0148728 0.413069 0 0
v -0.0940737 0.48591 -0.104829 0 0
v -0.0880225 0.479198 -0.0774857 0 0
v -0.102587 -0.0983632 0.39484 0 0
v -0.050508 -0.158285 0.481315 0 0
v -0.0589397 -0.271562 0.415924 0 0
v -0.0823352 -0.334074 0.397373 0 0
v -0.085123 0.40486 -0.0287619 0 0
v -0.0894963 0.141427 0.391414 0 0
v -0.0597511 0.0614533 0.344929 0 0
v -0.0990481 0.0197102 0.386551 0 0
v -0.0914606 -0.356968 0.354007 0 0
v -0.0933987 0.476622 -0.0809815 0 0
v -0.0630737 0.356289 0.0378263 0 0
v -0.0682347 -0.0505523 0.42921 0 0
v -0.0637384 -0.211562 0.467006 0 0
v -0.0728355 -0.191285 0.43125 0 0
v -0.036038 -0.180864 0.448174 0 0
v -0.0696511 -0.452902 0.466822 0 0
v -0.0276373 -0.519449 0.482074 0 0
v -0.0717455 0.444343 -0.106014 0 0
v -0.0918103 0.354919 0.0195593 0 0
v -0.0439262 -0.360349 0.406825 0 0
v -0.0426264 -0.446566 0.463763 0 0
v -0.067299 -0.540869 0.533577 0 0
v -0.0769844 0.568281 -0.133523 0 0
v -0.0685329 0.513508 -0.102088 0 0
v -0.0811336 -0.30516 0.399828 0 0
v -0.0543068 -0.329751 0.405378 0 0
v -0.0858874 -0.280332 0.436895 0 0
v -0.030213 -0.389268 0.368293 0 0
v -0.0198845 -0.0963201 0.47883 0 0
v -0.0434583 -0.383442 0.416875 0 0
v -0.0675996 0.469967 -0.110876 0 0
v -0.0513571 0.0541315 0.320906 0 0
v -0.0281463 0.0864416 0.377353 0 0
v -0.045933 -0.139707 0.407429 0 0
v -0.0552747 -0.169344 0.459767 0 0
v -0.0715717 -0.266476 0.397665 0 0
v -0.0577112 -0.4289 0.475955 0 0
v -0.0204691 0.345699 0.0356655 0 0
v -0.0592818 0.103926 0.282855 0 0
v -0.0675404 -0.065469 0.456697 0 0
v -0.0600921 -0.146802 0.432937 0 0
v -0.0521139 -0.384596 0.392048 0 0
v -0.068578 0.0658583 0.344564 0 0
v -0.0447967 -0.0555538 0.390463 0 0
v -0.0763456 -0.196659 0.465793 0 0
v -0.0409081 -0.297807 0.349299 0 0
v -0.0627854 -0.335058 0.420492 0 0
v -0.051541 -0.426722 0.420924 0 0
v -0.0934644 -0.497256 0.519042 0 0
v -0.0374788 -0.404617 0.42435 0 0
v -0.054805 -0.434344 0.391243 0 0
v -0.0357362 0.484406 -0.159833 0 0
v -0.0617895 0.111913 0.310991 0 0
v -0.0469706 -0.174753 0.426929 0 0
v -0.0388259 -0.216586 0.435781 0 0
v -0.0513051 -0.35883 0.410693 0 0
v -0.0626861 -0.496412 0.484553 0 0
v -0.0315422 0.440323 -0.116929 0 0
v -0.0420455 0.0247718 0.374529 0 0
v -0.0322323 -0.0325548 0.422993 0 0
v -0.0370921 -0.470442 0.401399 0 0
v -0.0389947 -0.0182066 0.363323 0 0
v -0.0628563 -0.318993 0.394562 0 0
v -0.0527219 -0.493764 0.448591 0 0
v -0.0325067 0.106787 0.254265 0 0
v -0.0539235 -0.240088 0.470154 0 0
v -0.02131 -0.0384746 0.428643 0 0
v 0.0176429 -0.412805 0.381593 0 0
v -0.0531739 -0.391257 0.367086 0 0
v -0.0113575 0.497302 -0.134025 0 0
v -0.0604446 0.114204 0.301228 0 0
v -0.0146352 -0.2455 0.40595 0 0
v -0.0503799 -0.0682323 0.450346 0 0
v -0.0745979 -0.232775 0.43537 0 0
v -0.0263507 -0.327683 0.384615 0 0
v -0.00705311 -0.549441 0.480913 0 0
v -0.025181 -0.0695557 0.404127 0 0
v -0.00752563 -0.27453 0.368619 0 0
v -0.0141778 -0.39926 0.37446 0 0
v -0.0281298 -0.102316 0.427421 0 0
v -0.0302835 -0.226097 0.413297 0 0
v -0.0419767 -0.271834 0.439158 0 0
v -0.0194415 -0.361117 0.348368 0 0
v -0.0456725 -0.410956 0.378571 0 0
v -0.0613653 -0.0957189 0.409352 0 0
v -0.00103888 -0.18368 0.447722 0 0
v -0.0390647 -0.401387 0.372566 0 0
v -0.0425165 -0.400074 0.348444 0 0
v -0.00136448 -0.497707 0.472891 0 0
v -0.0121225 -0.161289 0.467802 0 0
v -0.0120339 -0.21639 0.42367 0 0
v -0.0182078 -0.427178 0.374232 0 0
v -0.0130127 0.0190734 0.364936 0 0
v -0.00636183 0.0869972 0.244725 0 0
v -0.0358853 -0.0187056 0.396651 0 0
v -0.0207643 -0.0144822 0.414929 0 0
v -0.014121 -0.0632698 0.420504 0 0
v -0.0259506 -0.254855 0.433546 0 0
v -0.0293072 -0.369803 0.367187 0 0
v -0.0141102 -0.426864 0.45635 0 0
v -0.00832968 -0.505091 0.491552 0 0
v -0.0351273 -0.357564 0.369999 0 0
v -0.0153267 0.352302 -0.120333 0 0
v -0.0144288 0.0731188 0.300166 0 0
v -0.00238686 -0.200595 0.435438 0 0
v -0.0198656 -0.441305 0.411584 0 0
v -0.0328463 0.00890542 0.350766 0 0
v -0.0070532 -0.0623891 0.428142 0 0
v 0.0109594 -0.181085 0.434252 0 0
v -0.00332658 -0.510322 0.442708 0 0
v -0.0251055 -0.0472514 0.413843 0 0
v -0.00460097 -0.455564 0.406599 0 0
v 0.000560649 0.00280059 0.348652 0 0
v -0.0112485 -0.0214596 0.350006 0 0
v -0.0352449 -0.255875 0.384813 0 0
v -0.0337878 -0.328593 0.358651 0 0
v -0.00467533 -0.371837 0.355413 0 0
v -0.0322989 -0.480304 0.459213 0 0
v 0.00723388 0.0540129 0.350394 0 0
v -0.00567008 -0.246854 0.429573 0 0
v -0.0154212 -0.38899 0.374547 0 0
v 0.00730711 -0.318303 0.361399 0 0
v -0.00722802 -0.443912 0.430177 0 0
v -0.0365634 -0.0257333 0.401819 0 0
v 0.0219134 0.0968857 0.242027 0 0
v -0.0278748 -0.373843 0.368097 0 0
v -0.0186209 -0.126291 0.392092 0 0
v -0.0576808 -0.15565 0.456601 0 0
v -0.0382088 -0.204335 0.459475 0 0
v -0.00250348 -0.369736 0.394035 0 0
v 0.0370355 -0.441964 0.39956 0 0
v -0.00260213 -0.417552 0.410814 0 0
v 0.00768699 0.100728 0.278538 0 0
v -0.0158465 -0.402526 0.428617 0 0
v -0.0195525 -0.317151 0.364548 0 0
v 0.00988312 -0.0869852 0.428752 0 0
v 0.0409613 -0.345042 0.408724 0 0
v -0.0317059 -0.505537 0.491087 0 0
v 0.00325495 0.0233367 0.321477 0 0
v -0.00082778 -0.126998 0.436936 0 0
v 0.00690761 -0.300426 0.342926 0 0
v 0.0142154 -0.32943 0.424411 0 0
v 0.0205841 -0.496752 0.471398 0 0
v 0.00383575 0.0566383 0.317495 0 0
v 0.0277002 0.0681923 0.319711 0 0
v -0.0135699 -0.374481 0.396043 0 0
v 0.0038439 -0.40795 0.405966 0 0
v -0.0188609 -0.485027 0.429586 0 0
v -0.0152057 -0.472786 0.424158 0 0
v 0.000330616 -0.126763 0.436163 0 0
v 0.0200985 -0.181082 0.385468 0 0
v -0.0107958 -0.308835 0.356081 0 0
v -0.0201346 -0.0584295 0.427317 0 0
v 0.0512589 -0.147571 0.421436 0 0
v -0.0188836 -0.254964 0.385258 0 0
v -0.0326391 -0.433361 0.369089 0 0
v -0.0105346 -0.462603 0.399383 0 0
v -0.0018144 -0.124662 0.412108 0 0
v -0.00295488 -0.158412 0.469636 0 0
v -0.00142523 -0.236624 0.429028 0 0
v 0.00155925 0.0459688 0.330549 0 0
v 0.0114263 0.0587089 0.33433 0 0
v 0.00490682 -0.0909759 0.440987 0 0
v -0.00937645 -0.385132 0.393255 0 0
v -0.013339 -0.257345 0.375986 0 0
v -0.00668867 -0.343989 0.398716 0 0
v 0.0305226 -0.325075 0.399262 0 0
v 0.0257631 -0.374474 0.37896 0 0
v 0.0219361 0.0591127 0.315326 0 0
v -0.00456979 -0.220441 0.436221 0 0
v -0.00910628 -0.252051 0.402783 0 0
v 0.0349291 -0.519615 0.430614 0 0
v 0.0153178 0.0574762 0.262414 0 0
v 0.0186294 -0.204284 0.422047 0 0
v 0.0239596 -0.289948 0.38093 0 0
v 0.0390103 0.0867902 0.192777 0 0
v 0.0182997 -0.188667 0.414756 0 0
v -0.000624897 -0.478538 0.458524 0 0
v 0.0274837 0.132204 0.138908 0 0
v 0.0300653 -0.0585289 0.389438 0 0
v 0.0153975 -0.506912 0.422353 0 0
v 0.0166491 0.0431377 0.31677 0 0
v 0.0303228 -0.129683 0.367584 0 0
v 0.0382679 -0.32311 0.411415 0 0
v -0.0041252 -0.461569 0.418548 0 0
v -0.00409295 0.00698044 0.352828 0 0
v 0.032522 -0.155672 0.403872 0 0
v 0.05032 -0.244344 0.397333 0 0
v 0.00774228 -0.446215 0.449952 0 0
v -0.00949497 -0.215361 0.383655 0 0
v -0.0219115 -0.444114 0.358559 0 0
v 0.0417517 -0.234357 0.388381 0 0
v -0.0070729 -0.373688 0.384475 0 0
v 0.00148291 -0.415352 0.373954 0 0
v -0.0307844 -0.50171 0.449521 0 0
v 0.0201272 0.025561 0.330603 0 0
v -0.0133985 -0.0892407 0.413477 0 0
v 0.0261686 -0.16556 0.439527 0 0
v 0.0536459 -0.530019 0.43706 0 0
v 0.0271852 0.116334 0.157263 0 0
v 0.0382928 -0.128986 0.423721 0 0
v 0.0145312 -0.201528 0.387696 0 0
v 0.0206241 -0.280316 0.380144 0 0
v 0.0180421 -0.324524 0.388177 0 0
v 0.0559577 0.0318864 0.319254 0 0
v 0.046198 -0.0702014 0.408959 0 0
v 0.0639925 -0.168081 0.401597 0 0
v 0.0670594 -0.253633 0.392483 0 0
v 0.0153053 0.123168 0.296618 0 0
v 0.0024419 0.0302906 0.332522 0 0
v 0.00864009 -0.110137 0.38993 0 0
v 0.0294025 -0.256416 0.416726 0 0
v 0.00551865 -0.258566 0.382583 0 0
v 0.00987522 -0.419313 0.376984 0 0
v 0.0197448 -0.017553 0.345131 0 0
v 0.035943 -0.275463 0.356916 0 0
v 0.0562412 -0.159206 0.39272 0 0
v 0.0247866 -0.505783 0.415415 0 0
v 0.0440945 0.109228 0.174015 0 0
v 0.0467885 -0.128449 0.391694 0 0
v 0.0332543 -0.145195 0.362098 0 0
v 0.0330001 -0.319626 0.372879 0 0
v 0.032819 -0.353553 0.396144 0 0
v 0.000146206 0.0419086 0.322682 0 0
v 0.0229251 -0.0678766 0.347496 0 0
v 0.0630854 -0.0565921 0.367132 0 0
v 0.0124791 -0.127015 0.37952 0 0
v 0.0152872 -0.273612 0.38682 0 0
v 0.0425216 -0.322044 0.371859 0 0
v 0.0375034 -0.416738 0.414155 0 0
v 0.0553956 0.0505738 0.309689 0 0
v 0.0342799 -0.154111 0.385457 0 0
v 0.0457149 -0.275438 0.381512 0 0
v 0.0448873 -0.260459 0.381856 0 0
v 0.00889616 -0.0116438 0.287712 0 0
v 0.0382633 -0.173062 0.40451 0 0
v 0.0394403 -0.495977 0.431293 0 0
v 0.0524042 0.0596195 0.306057 0 0
v 0.0448879 -0.031523 0.35736 0 0
v 0.0241844 -0.306556 0.367848 0 0
v 0.0309838 -0.423494 0.374568 0 0
v 0.033164 -0.46671 0.40091 0 0
v 0.0482255 0.117894 0.13317 0 0
v 0.0594998 0.098252 0.185604 0 0
v 0.022539 -0.248111 0.38531 0 0
v 0.0442142 -0.492378 0.39952 0 0
v 0.0287829 -0.0155008 0.335857 0 0
v 0.0366102 -0.106664 0.360599 0 0
v 0.0853047 -0.0968146 0.38513 0 0
v 0.035206 -0.165365 0.374361 0 0
v 0.067253 -0.283916 0.365703 0 0
v 0.0766864 -0.420431 0.364967 0 0
v 0.0151966 -0.0404786 0.385324 0 0
v 0.0298795 -0.279844 0.383675 0 0
v 0.0442421 -0.275196 0.385434 0 0
v 0.0441018 -0.41449 0.334622 0 0
v 0.0728203 -0.524097 0.394265 0 0
v 0.0274352 -0.335024 0.353193 0 0
v 0.0586578 -0.0503892 0.345568 0 0
v 0.0649993 -0.120472 0.414769 0 0
v 0.0639358 -0.503358 0.404961 0 0
v 0.036251 -0.00303706 0.294143 0 0
v 0.0557439 -0.204239 0.373738 0 0
v 0.0643231 -0.354906 0.365778 0 0
v 0.0424448 -0.54304 0.377295 0 0
v 0.0628399 -0.0586729 0.38254 0 0
v 0.0814688 -0.483618 0.384496 0 0
v 0.090367 -0.498246 0.427458 0 0
v 0.0614924 -0.167317 0.356278 0 0
v 0.0822891 -0.244607 0.377764 0 0
v 0.0166273 0.0358163 0.297335 0 0
v 0.0773202 -0.14706 0.328639 0 0
v 0.0762332 -0.0594391 0.375701 0 0
v 0.0466515 0.00641782 0.32397 0 0
v 0.0601566 -0.499175 0.361159 0 0
v 0.056767 -0.102391 0.361571 0 0
v 0.0465628 -0.164633 0.359187 0 0
v 0.0863436 -0.168667 0.365676 0 0
v 0.0763013 -0.421476 0.32046 0 0
v 0.0791127 -0.498572 0.381738 0 0
v 0.0612704 -0.191062 0.381495 0 0
v 0.0915414 -0.300797 0.302495 0 0
v 0.0392792 -0.049724 0.336028 0 0
v 0.0950057 -0.448731 0.305321 0 0
v 0.04862 -0.056827 0.305606 0 0
v 0.0855013 -0.0713678 0.355412 0 0
v 0.0733132 -0.240764 0.355763 0 0
v 0.0512938 -0.475273 0.397199 0 0
v 0.0609347 -0.518968 0.419372 0 0
v 0.0829512 0.139796 0.110658 0 0
v 0.0892174 -0.284649 0.34395 0 0
v 0.051687 -0.425817 0.311228 0 0
v 0.063012 0.0676452 0.243326 0 0
v 0.105665 -0.0248756 0.31747 0 0
v 0.0851306 -0.0233458 0.330637 0 0
v 0.103965 -0.269744 0.365552 0 0
v 0.0655917 -0.347164 0.329658 0 0
v 0.0731888 -0.390066 0.318254 0 0
v 0.10533 -0.0395035 0.324817 0 0
v 0.0901945 -0.440146 0.347119 0 0
v 0.07138 -0.0765036 0.329388 0 0
v 0.0694018 -0.254176 0.340682 0 0
v 0.0801936 -0.309352 0.36506 0 0
v 0.0576441 -0.28485 0.32521 0 0
v 0.0722695 -0.535307 0.397404 0 0
v 0.0981856 -0.371777 0.321198 0 0
v 0.0535088 -0.490796 0.381389 0 0
v 0.105262 -0.0638736 0.346584 0 0
v 0.0455409 -0.320092 0.336717 0 0
v 0.0781203 -0.390341 0.32346 0 0
v 0.0740766 -0.0285073 0.348762 0 0
v 0.0631441 -0.159474 0.326911 0 0
v 0.0887354 -0.264353 0.36758 0 0
v 0.0645224 -0.416159 0.339393 0 0
v 0.0648778 0.0334749 0.216865 0 0
v 0.115869 0.0670178 0.25861 0 0
v 0.0577829 0.059865 0.257599 0 0
v 0.103882 -0.0533524 0.335271 0 0
v 0.0575331 -0.149836 0.350087 0 0
v 0.0588654 -0.289771 0.31697 0 0
v 0.0853501 -0.344548 0.318347 0 0
v 0.060394 -0.363241 0.256651 0 0
v 0.0944228 -0.368808 0.31931 0 0
v 0.0575247 -0.457892 0.349782 0 0
v 0.0838459 -0.154751 0.356681 0 0
v 0.0745669 -0.235619 0.375318 0 0
v 0.0983077 -0.286901 0.354134 0 0
v 0.0674645 -0.171914 0.336908 0 0
v 0.0614662 -0.269388 0.337998 0 0
v 0.105606 -0.462094 0.345595 0 0
v 0.0836654 -0.0426768 0.310912 0 0
v 0.104114 -0.454279 0.383908 0 0
v 0.0905783 0.0888401 0.214571 0 0
v 0.108365 0.0558855 0.258556 0 0
v 0.0934272 -0.32427 0.294761 0 0
v 0.0986516 -0.534457 0.413742 0 0
v 0.065454 0.122265 0.125615 0 0
v 0.0659724 0.0384647 0.278559 0 0
v 0.0755258 -0.0442273 0.354198 0 0
v 0.0815516 -0.0493081 0.335405 0 0
v 0.106961 -0.213601 0.358179 0 0
v 0.109068 -0.31914 0.312058 0 0
v 0.0882239 0.0227754 0.254159 0 0
v 0.130493 0.0170311 0.295867 0 0
v 0.0912802 -0.136703 0.376448 0 0
v 0.0951679 0.110998 0.183945 0 0
v 0.0969304 0.120831 0.226241 0 0
v 0.0842222 0.0673919 0.247627 0 0
v 0.0897999 -0.354013 0.31249 0 0
v 0.125793 0.129053 0.162612 0 0
v 0.103226 -0.48574 0.357251 0 0
v 0.0845917 -0.316141 0.353232 0 0
v 0.0837575 -0.131345 0.379229 0 0
v 0.108379 0.0164445 0.284561 0 0
v 0.116265 -0.174111 0.362229 0 0
v 0.0683945 -0.0220632 0.316366 0 0
v 0.122832 -0.0959055 0.357544 0 0
v 0.0930374 -0.196324 0.296475 0 0
v 0.0865475 -0.284571 0.321918 0 0
v 0.0970455 -0.536085 0.367029 0 0
v 0.096155 -0.0677264 0.363492 0 0
v 0.108465 -0.10403 0.358422 0 0
v 0.106916 -0.157442 0.328301 0 0
v 0.0931634 -0.385329 0.307855 0 0
v 0.114547 -0.467882 0.362388 0 0
v 0.102462 -0.238126 0.323152 0 0
v 0.115164 -0.385922 0.33172 0 0
v 0.0707304 -0.203807 0.320963 0 0
v 0.0843569 -0.220585 0.295835 0 0
v 0.128739 -0.471448 0.365773 0 0
v 0.100418 0.0112528 0.258588 0 0
v 0.109201 -0.460504 0.351543 0 0
v 0.107964 0.0754415 0.235575 0 0
v 0.129885 -0.352038 0.297067 0 0
v 0.140392 -0.371441 0.297769 0 0
v 0.116694 -0.427659 0.322058 0 0
v 0.0852645 -0.461909 0.366342 0 0
v 0.0986426 0.0901661 0.278397 0 0
v 0.0938467 0.0850319 0.269978 0 0
v 0.0904354 -0.161303 0.325311 0 0
v 0.130582 -0.219038 0.373202 0 0
v 0.0729461 -0.457664 0.389508 0 0
v 0.106479 -0.0921856 0.361816 0 0
v 0.132304 -0.313732 0.292761 0 0
v 0.105026 -0.415842 0.381991 0 0
v 0.123294 -0.243571 0.314141 0 0
v 0.104296 -0.333708 0.301346 0 0
v 0.102816 -0.423873 0.335736 0 0
v 0.110649 -0.468315 0.406344 0 0
v 0.0889224 -0.506416 0.375888 0 0
v 0.107558 -0.543066 0.375248 0 0
v 0.138499 0.0233267 0.27768 0 0
v 0.0984454 -0.109406 0.343134 0 0
v 0.121969 -0.177306 0.343196 0 0
v 0.107308 -0.381162 0.336618 0 0
v 0.112641 -0.365472 0.310865 0 0
v 0.152563 -0.404402 0.293978 0 0
v 0.127108 -0.463562 0.361473 0 0
v 0.145495 0.0500612 0.225252 0 0
v 0.105061 0.0520777 0.274439 0 0
v 0.113626 -0.477539 0.400618 0 0
v 0.100715 -0.491626 0.419204 0 0
v 0.113531 -0.522623 0.441418 0 0
v 0.133679 -0.145649 0.36492 0 0
v 0.135909 -0.439589 0.355744 0 0
v 0.105953 -0.519908 0.409316 0 0
v 0.154361 -0.0157008 0.301237 0 0
v 0.114905 -0.140399 0.358042 0 0
v 0.067616 -0.211448 0.323761 0 0
v 0.129009 -0.368864 0.323708 0 0
v 0.122122 -0.447263 0.388868 0 0
v 0.110185 -0.0607195 0.350858 0 0
v 0.107472 -0.116731 0.36467 0 0
v 0.162106 -0.320552 0.335523 0 0
v 0.144453 -0.266389 0.329367 0 0
v 0.143426 0.169008 0.0636562 0 0
v 0.118568 -0.0875947 0.31564 0 0
v 0.0942754 -0.52907 0.431395 0 0
v 0.0950875 -0.35986 0.309798 0 0
v 0.140382 -0.153595 0.359583 0 0
v 0.101943 -0.471851 0.402725 0 0
v 0.137311 -0.103953 0.301161 0 0
v 0.103947 -0.063698 0.31797 0 0
v 0.143848 -0.129391 0.378852 0 0
v 0.123848 -0.184015 0.355488 0 0
v 0.123596 0.128128 0.180789 0 0
v 0.0905282 0.0204482 0.274869 0 0
v 0.116978 -0.0166419 0.266271 0 0
v 0.124621 -0.50995 0.410152 0 0
v 0.121971 0.0695338 0.254466 0 0
v 0.144677 -0.0746017 0.324429 0 0
v 0.0859565 -0.256583 0.328766 0 0
v 0.133923 -0.315908 0.310071 0 0
v 0.143809 -0.401857 0.31627 0 0
v 0.130831 -0.385466 0.304822 0 0
v 0.126001 -0.22549 0.335271 0 0
v 0.11423 -0.382791 0.319508 0 0
v 0.140523 -0.0225665 0.27343 0 0
v 0.127481 -0.296535 0.338643 0 0
v 0.137273 -0.294939 0.276507 0 0
v 0.120397 0.134733 0.217416 0 0
v 0.125004 0.0932854 0.218043 0 0
v 0.180071 -0.259384 0.337755 0 0
v 0.167253 -0.423246 0.363693 0 0
v 0.138441 -0.343488 0.269259 0 0
v 0.172689 -0.212113 0.326624 0 0
v 0.13109 -0.265098 0.314081 0 0
v 0.131696 -0.298579 0.319543 0 0
v 0.163071 -0.390903 0.312627 0 0
v 0.146118 -0.0603546 0.312045 0 0
v 0.163291 -0.140289 0.342562 0 0
v 0.148063 -0.28032 0.294952 0 0
v 0.147862 -0.376412 0.350473 0 0
v 0.182777 -0.150761 0.33237 0 0
v 0.137429 -0.179818 0.367651 0 0
v 0.128136 0.0020695 0.296489 0 0
v 0.162127 -0.0812536 0.340025 0 0
v 0.150016 -0.105816 0.344076 0 0
v 0.152139 -0.229936 0.334337 0 0
v 0.146549 0.0381307 0.289317 0 0
v 0.19625 0.0306211 0.260914 0 0
v 0.15328 -0.44806 0.411332 0 0
v 0.134954 -0.089236 0.348192 0 0
v 0.135667 0.115016 0.180635 0 0
v 0.160449 -0.381482 0.318278 0 0
v 0.161014 -0.0298036 0.285081 0 0
v 0.150057 -0.22294 0.330719 0 0
v 0.149447 -0.35414 0.321906 0 0
v 0.165939 -0.337108 0.307293 0 0
v 0.150924 -0.384074 0.308724 0 0
v 0.156707 -0.497039 0.422014 0 0
v 0.158004 0.0496403 0.252625 0 0
v 0.131873 -0.130845 0.361776 0 0
v 0.150734 -0.370317 0.319822 0 0
v 0.15968 -0.416546 0.360289 0 0
v 0.159459 -0.470871 0.357828 0 0
v 0.136902 -0.43335 0.421394 0 0
v 0.149991 -0.459445 0.431099 0 0
v 0.178219 0.118709 0.115235 0 0
v 0.139734 0.036137 0.203451 0 0
v 0.157462 -0.396205 0.306364 0 0
v 0.155885 0.107402 0.177098 0 0
v 0.144638 0.0199128 0.25064 0 0
v 0.17747 -0.0266752 0.307782 0 0
v 0.188512 -0.116193 0.325972 0 0
v 0.179287 -0.425855 0.306629 0 0
v 0.169082 0.120221 0.130744 0 0
v 0.14869 -0.402433 0.330639 0 0
v 0.122258 -0.448184 0.426855 0 0
v 0.122502 -0.0192961 0.30993 0 0
v 0.160845 -0.408811 0.370543 0 0
v 0.195889 0.156233 0.126212 0 0
v 0.146739 0.17054 0.154106 0 0
v 0.151279 -0.246358 0.340776 0 0
v 0.188408 -0.34805 0.323475 0 0
v 0.181115 -0.381637 0.301215 0 0
v 0.16065 -0.0728822 0.274172 0 0
v 0.136049 -0.0473271 0.312334 0 0
v 0.171422 -0.105236 0.318262 0 0
v 0.192195 -0.261937 0.342857 0 0
v 0.155034 -0.468409 0.411179 0 0
v 0.130521 -0.19149 0.352507 0 0
v 0.171527 -0.354817 0.341845 0 0
v 0.141695 -0.51491 0.411871 0 0
v 0.190669 0.0777153 0.226319 0 0
v 0.179482 -0.267853 0.327882 0 0
v 0.207689 -0.0237897 0.2873 0 0
v 0.18968 -0.122058 0.322492 0 0
v 0.159757 -0.11197 0.35466 0 0
v 0.174366 -0.255491 0.343621 0 0
v 0.204817 -0.216731 0.365585 0 0
v 0.170317 -0.024624 0.290291 0 0
v 0.173714 -0.0179839 0.280641 0 0
v 0.170164 -0.2618 0.349733 0 0
v 0.181995 0.184419 0.103204 0 0
v 0.136278 -0.147719 0.359024 0 0
v 0.182451 -0.372629 0.311462 0 0
v 0.186307 0.133409 0.189297 0 0
v 0.207745 0.0728079 0.207314 0 0
v 0.12959 -0.00712896 0.26272 0 0
v 0.162507 -0.101062 0.336581 0 0
v 0.149922 -0.106152 0.288831 0 0
v 0.153505 -0.440381 0.325998 0 0
v 0.173861 -0.178035 0.368237 0 0
v 0.214466 -0.36267 0.335543 0 0
v 0.181186 -0.438828 0.327762 0 0
v 0.167502 -0.0384505 0.303751 0 0
v 0.132533 -0.126888 0.326599 0 0
v 0.172974 -0.289169 0.373862 0 0
v 0.212784 -0.439531 0.337174 0 0
v 0.198976 0.0686646 0.21087 0 0
v 0.149273 -0.309193 0.335153 0 0
v 0.158161 -0.308754 0.354821 0 0
v 0.180078 -0.415958 0.367059 0 0
v 0.203793 0.0990083 0.153649 0 0
v 0.180417 -0.25067 0.381496 0 0
v 0.219686 -0.290638 0.367902 0 0
v 0.165141 -0.41346 0.364576 0 0
v 0.166566 -0.44865 0.359381 0 0
v 0.175066 -0.168935 0.356043 0 0
v 0.166004 -0.259177 0.387031 0 0
v 0.216504 0.070437 0.188496 0 0
v 0.178121 -0.0572041 0.276471 0 0
v 0.184153 -0.367081 0.333184 0 0
v 0.183238 -0.442578 0.293643 0 0
v 0.232411 0.0358135 0.204219 0 0
v 0.190181 -0.171101 0.343012 0 0
v 0.187449 -0.345062 0.359756 0 0
v 0.177342 -0.406133 0.288719 0 0
v 0.18734 -0.397112 0.340609 0 0
v 0.186693 -0.0410477 0.289694 0 0
v 0.213329 -0.0726652 0.273128 0 0
v 0.191343 -0.119816 0.399077 0 0
v 0.197179 -0.272727 0.368915 0 0
v 0.243184 0.122096 0.170134 0 0
v 0.192032 0.0638544 0.239113 0 0
v 0.194339 -0.206054 0.356531 0 0
v 0.209292 0.0360409 0.224307 0 0
v 0.219642 0.012175 0.271744 0 0
v 0.25297 0.0595204 0.221408 0 0
v 0.196944 -0.0917556 0.322836 0 0
v 0.164698 -0.162145 0.396431 0 0
v 0.188472 -0.15968 0.381306 0 0
v 0.174601 -0.491444 0.390576 0 0
v 0.217152 -0.444992 0.357837 0 0
v 0.220016 0.136085 0.131494 0 0
v 0.228172 -0.0921014 0.312091 0 0
v 0.159957 -0.17408 0.372697 0 0
v 0.194674 -0.243246 0.366225 0 0
v 0.199652 -0.45921 0.339479 0 0
v 0.156666 -0.495269 0.396807 0 0
v 0.184781 -0.518064 0.412472 0 0
v 0.215701 0.132371 0.142002 0 0
v 0.195777 -0.183646 0.357426 0 0
v 0.214381 -0.38459 0.309193 0 0
v 0.206045 -0.372359 0.33845 0 0
v 0.215753 0.0375745 0.247417 0 0
v 0.134852 -0.185509 0.405245 0 0
v 0.177073 -0.505827 0.414438 0 0
v 0.216268 0.0658085 0.214692 0 0
v 0.171464 0.00732888 0.282947 0 0
v 0.199808 -0.187019 0.417437 0 0
v 0.207544 -0.434174 0.318903 0 0
v 0.205282 -0.44923 0.394788 0 0
v 0.157184 -0.480757 0.393837 0 0
v 0.229407 0.0254141 0.247111 0 0
v 0.226477 0.114244 0.139855 0 0
v 0.187238 -0.193882 0.368141 0 0
v 0.234693 -0.315363 0.338684 0 0
v 0.154887 -0.348817 0.348446 0 0
v 0.222693 0.0300814 0.21556 0 0
v 0.22511 0.0360163 0.240769 0 0
v 0.188622 -0.147734 0.381102 0 0
v 0.211662 -0.169465 0.390361 0 0
v 0.169964 -0.175629 0.426983 0 0
v 0.231774 -0.322665 0.347535 0 0
v 0.216164 -0.453474 0.329661 0 0
v 0.223613 -0.0854257 0.31613 0 0
v 0.207433 -0.417688 0.327845 0 0
v 0.241283 -0.017865 0.2644 0 0
v 0.210722 -0.435374 0.298337 0 0
v 0.209907 0.0423148 0.223185 0 0
v 0.175228 -0.0637516 0.284853 0 0
v 0.231492 0.0705688 0.188158 0 0
v 0.202931 -0.117571 0.387896 0 0
v 0.195103 -0.131122 0.395807 0 0
v 0.218201 -0.360411 0.309977 0 0
v 0.248072 0.15699 0.0323924 0 0
v 0.22015 -0.108979 0.331783 0 0
v 0.22392 -0.156206 0.355036 0 0
v 0.251657 0.0531141 0.17328 0 0
v 0.205047 -0.486804 0.366984 0 0
v 0.211373 -0.517824 0.394734 0 0
v 0.200642 -0.526629 0.385543 0 0
v 0.182135 -0.0856872 0.23017 0 0
v 0.225456 -0.159478 0.383563 0 0
v 0.262487 -0.408169 0.325338 0 0
v 0.256875 -0.0191564 0.246651 0 0
v 0.252495 -0.0491273 0.260767 0 0
v 0.234399 -0.0976386 0.371983 0 0
v 0.189925 -0.411014 0.334258 0 0
v 0.241774 -0.479358 0.358307 0 0
v 0.20476 -0.54172 0.360029 0 0
v 0.228081 0.0142521 0.222877 0 0
v 0.234495 -0.420736 0.332944 0 0
v 0.224582 -0.107299 0.334234 0 0
v 0.227015 -0.259884 0.364926 0 0
v 0.215818 -0.117793 0.381711 0 0
v 0.240435 -0.33252 0.303804 0 0
v 0.23247 0.0752776 0.179406 0 0
v 0.230429 -0.275286 0.369256 0 0
v 0.25527 -0.304508 0.345769 0 0
v 0.200452 0.0838531 0.175165 0 0
v 0.232014 -0.106675 0.341125 0 0
v 0.249929 -0.371613 0.329356 0 0
v 0.213843 -0.0566953 0.265977 0 0
v 0.212986 -0.347482 0.31489 0 0
v 0.22124 -0.499004 0.343216 0 0
v 0.24444 -0.0779816 0.369567 0 0
v 0.256801 0.0931594 0.167916 0 0
v 0.215392 -0.106598 0.280455 0 0
v 0.223847 -0.153466 0.396942 0 0
v 0.217795 -0.329216 0.373939 0 0
v 0.26354 -0.358348 0.379148 0 0
v 0.240056 -0.0571461 0.268814 0 0
v 0.253536 -0.505398 0.316891 0 0
v 0.261335 -0.0262313 0.22842 0 0
v 0.209614 -0.458175 0.337 0 0
v 0.236379 0.0897767 0.18214 0 0
v 0.225244 -0.528697 0.347801 0 0
v 0.273555 0.0864775 0.161419 0 0
v 0.258752 0.0809034 0.163308 0 0
v 0.298446 0.0297327 0.2088 0 0
v 0.225329 -0.191067 0.352104 0 0
v 0.250149 -0.156137 0.366013 0 0
v 0.203902 -0.277815 0.353406 0 0
v 0.236483 -0.338712 0.350673 0 0
v 0.246346 -0.396546 0.304065 0 0
v 0.241478 -0.113816 0.355491 0 0
v 0.244245 -0.253236 0.37232 0 0
v 0.246154 -0.285505 0.336255 0 0
v 0.253914 -0.427371 0.329666 0 0
v 0.220216 -0.45582 0.338336 0 0
v 0.237298 -0.434074 0.357271 0 0
v 0.259128 -0.188264 0.384237 0 0
v 0.238653 -0.499973 0.297322 0 0
v 0.238391 -0.121867 0.37117 0 0
v 0.219196 -0.19545 0.396538 0 0
v 0.24156 -0.255634 0.335453 0 0
v 0.245306 -0.362819 0.325582 0 0
v 0.234405 -0.414834 0.315986 0 0
v 0.238179 0.0303498 0.194679 0 0
v 0.233708 -0.476894 0.303459 0 0
v 0.273248 -0.426896 0.33726 0 0
v 0.225936 -0.458829 0.257396 0 0
v 0.316484 0.0994866 0.114171 0 0
v 0.273211 -0.0415788 0.219044 0 0
v 0.258857 -0.244541 0.338932 0 0
v 0.239022 -0.486436 0.319033 0 0
v 0.272925 -0.261674 0.368181 0 0
v 0.249666 -0.25142 0.358778 0 0
v 0.265125 -0.277321 0.363844 0 0
v 0.244967 -0.454223 0.287808 0 0
v 0.218338 -0.525576 0.319089 0 0
v 0.256438 -0.104255 0.330597 0 0
v 0.263584 -0.180235 0.388531 0 0
v 0.284099 -0.319996 0.339297 0 0
v 0.233135 -0.478277 0.293389 0 0
v 0.262713 -0.125636 0.340505 0 0
v 0.23084 -0.232884 0.339682 0 0
v 0.236726 -0.245166 0.363358 0 0
v 0.258188 -0.236605 0.342641 0 0
v 0.301404 -0.284234 0.336775 0 0
v 0.291326 -0.333757 0.348176 0 0
v 0.240219 -0.524104 0.336075 0 0
v 0.233737 -0.101334 0.311913 0 0
v 0.276728 -0.0696168 0.286109 0 0
v 0.264547 -0.374522 0.3158 0 0
v 0.22388 -0.271249 0.308051 0 0
v 0.260398 -0.309775 0.340573 0 0
v 0.260254 -0.406531 0.318812 0 0
v 0.252545 -0.498531 0.279272 0 0
v 0.292574 0.0168339 0.191252 0 0
v 0.312936 -0.0586018 0.227057 0 0
v 0.261038 -0.221838 0.355459 0 0
v 0.256446 -0.47939 0.304171 0 0
v 0.246234 -0.514741 0.274111 0 0
v 0.277234 0.0837274 0.132182 0 0
v 0.255872 -0.101562 0.370928 0 0
v 0.300079 -0.15811 0.362453 0 0
v 0.288519 -0.020582 0.183659 0 0
v 0.283788 -0.388569 0.339014 0 0
v 0.244418 -0.437387 0.27737 0 0
v 0.249927 -0.239093 0.329748 0 0
v 0.250913 -0.490195 0.265032 0 0
v 0.26809 -0.509621 0.259764 0 0
v 0.264821 -0.0586683 0.238211 0 0
v 0.28295 -0.0727239 0.265618 0 0
v 0.286099 -0.0770762 0.288126 0 0
v 0.287077 -0.158226 0.319584 0 0
v 0.261579 -0.445446 0.297356 0 0
v 0.260719 -0.489997 0.29743 0 0
v 0.293111 -0.555321 0.284201 0 0
v 0.310624 -0.457816 0.301835 0 0
v 0.292533 -0.472476 0.294524 0 0
v 0.273375 -0.332867 0.332829 0 0
v 0.253707 -0.170437 0.313324 0 0
v 0.302359 -0.247785 0.36128 0 0
v 0.253842 -0.194062 0.362533 0 0
v 0.279759 -0.368409 0.337615 0 0
v 0.332253 0.0758525 0.150197 0 0
v 0.30438 -0.0686803 0.248878 0 0
v 0.312177 -0.207364 0.33868 0 0
v 0.280102 -0.379481 0.321521 0 0
v 0.324524 0.0602252 0.138031 0 0
v 0.330355 -0.162658 0.344925 0 0
v 0.310043 -0.398095 0.336212 0 0
v 0.302135 -0.505562 0.270592 0 0
v 0.300773 -0.0711342 0.238731 0 0
v 0.298043 -0.392105 0.293183 0 0
v 0.292568 -0.474003 0.267393 0 0
v 0.287357 -0.05232 0.128764 0 0
v 0.322562 -0.172472 0.389872 0 0
v 0.278074 -0.272979 0.367584 0 0
v 0.288108 -0.499817 0.242399 0 0
v 0.287739 -0.550847 0.282802 0 0
v 0.350698 0.0852 0.114088 0 0
v 0.335112 0.000541491 0.174092 0 0
v 0.304946 -0.130354 0.323844 0 0
v 0.284268 -0.136342 0.336103 0 0
v 0.293271 -0.269964 0.338798 0 0
v 0.322843 -0.333725 0.358511 0 0
v 0.315951 -0.440347 0.315887 0 0
v 0.304653 -0.134255 0.328974 0 0
v 0.242097 -0.179065 0.322359 0 0
v 0.289316 -0.139165 0.293076 0 0
v 0.267671 -0.220919 0.331952 0 0
v 0.371116 0.0429133 0.0647298 0 0
v 0.322459 -0.387245 0.326558 0 0
v 0.326404 -0.323768 0.337668 0 0
v 0.301737 -0.41875 0.282991 0 0
v 0.294558 -0.322524 0.3232 0 0
v 0.335907 -0.307432 0.340349 0 0
v 0.310846 0.000485748 0.206513 0 0
v 0.309251 -0.0676891 0.251518 0 0
v 0.315144 -0.193878 0.360706 0 0
v 0.302653 -0.338131 0.316612 0 0
v 0.322995 -0.0152716 0.141413 0 0
v 0.310644 -0.093891 0.23885 0 0
v 0.314018 -0.399474 0.319284 0 0
v 0.324214 -0.407857 0.298674 0 0
v 0.335836 -0.453163 0.270335 0 0
v 0.322689 -0.509938 0.250984 0 0
v 0.275529 -0.194016 0.338737 0 0
v 0.371293 0.0558119 0.102502 0 0
v 0.300108 -0.277939 0.36017 0 0
v 0.3582 -0.455061 0.240609 0 0
v 0.346827 0.00250554 0.15882 0 0
v 0.300639 -0.235545 0.306818 0 0
v 0.363364 -0.34261 0.335739 0 0
v 0.301289 -0.529235 0.230056 0 0
v 0.388544 -0.00316915 0.180864 0 0
v 0.307477 -0.203639 0.35272 0 0
v 0.327835 0.0261812 0.145744 0 0
v 0.287626 -0.0948841 0.198135 0 0
v 0.336384 -0.298609 0.330337 0 0
v 0.287569 -0.2934 0.289332 0 0
v 0.327088 -0.379614 0.31464 0 0
v 0.34739 -0.00168872 0.104117 0 0
v 0.383681 0.0205696 0.109548 0 0
v 0.300361 -0.214921 0.351962 0 0
v 0.338415 -0.366797 0.323634 0 0
v 0.332465 -0.0951811 0.27354 0 0
v 0.303953 -0.407409 0.313273 0 0
v 0.300728 -0.390218 0.330951 0 0
v 0.364138 -0.0693883 0.248712 0 0
v 0.400191 0.0533231 0.0874998 0 0
v 0.342178 -0.079739 0.279252 0 0
v 0.304135 -0.298562 0.299895 0 0
v 0.274765 -0.136278 0.295005 0 0
v 0.353806 -0.428551 0.245959 0 0
v 0.37027 -0.0143925 0.165031 0 0
v 0.366111 -0.0256247 0.191517 0 0
v 0.372458 -0.351624 0.321981 0 0
v 0.363112 -0.388518 0.259937 0 0
v 0.355426 -0.00864778 0.166629 0 0
v 0.408379 -0.0291978 0.188727 0 0
v 0.340723 -0.136008 0.308542 0 0
v 0.336711 -0.170819 0.322819 0 0
v 0.329148 -0.298491 0.307974 0 0
v 0.332121 -0.289356 0.322252 0 0
v 0.396844 -0.0365085 0.168619 0 0
v 0.360664 -0.0416184 0.161222 0 0
v 0.310137 -0.17585 0.315198 0 0
v 0.335243 -0.275535 0.320301 0 0
v 0.371875 0.0684206 0.0296693 0 0
v 0.367202 -0.0342171 0.243896 0 0
v 0.352936 -0.0356142 0.198528 0 0
v 0.360778 -0.0521958 0.174221 0 0
v 0.33191 -0.112937 0.300845 0 0
v 0.365971 -0.283813 0.289081 0 0
v 0.331369 -0.353124 0.304684 0 0
v 0.332165 -0.537777 0.213057 0 0
v 0.375567 0.00311901 0.177426 0 0
v 0.34996 -0.057581 0.245414 0 0
v 0.340615 -0.140707 0.284914 0 0
v 0.307088 -0.185226 0.314969 0 0
v 0.332316 -0.487397 0.262887 0 0
v 0.359591 -0.252804 0.293474 0 0
v 0.379038 -0.498901 0.222967 0 0
v 0.382766 -0.0250422 0.20996 0 0
v 0.331249 -0.126519 0.320271 0 0
v 0.323985 -0.195253 0.338715 0 0
v 0.39177 -0.517461 0.167741 0 0
v 0.322685 -0.247396 0.305297 0 0
v 0.360047 0.0387541 0.000328027 0 0
v 0.383446 -0.147139 0.283581 0 0
v 0.379503 -0.250525 0.353651 0 0
v 0.360808 -0.411672 0.238377 0 0
v 0.351949 -0.435432 0.280389 0 0
v 0.355194 -0.101503 0.248116 0 0
v 0.348324 -0.307808 0.302166 0 0
v 0.352898 -0.215685 0.303652 0 0
v 0.35648 -0.053795 0.232777 0 0
v 0.382557 -0.188737 0.284743 0 0
v 0.400854 -0.401158 0.304225 0 0
v 0.361721 -0.196911 0.314452 0 0
v 0.37615 -0.251791 0.290767 0 0
v 0.360552 -0.482067 0.171583 0 0
v 0.379993 -0.0357003 0.162216 0 0
v 0.374365 -0.088832 0.166197 0 0
v 0.338052 -0.238827 0.311496 0 0
v 0.390413 -0.222279 0.314983 0 0
v 0.339815 -0.255237 0.309895 0 0
v 0.385314 -0.268113 0.250018 0 0
v 0.378858 -0.302919 0.250227 0 0
v 0.313681 -0.375573 0.262898 0 0
v 0.371913 -0.474385 0.178771 0 0
v 0.352671 -0.391527 0.273476 0 0
v 0.350777 -0.229298 0.289512 0 0
v 0.356737 -0.374632 0.265227 0 0
v 0.379418 -0.156862 0.276296 0 0
v 0.352066 -0.383725 0.263103 0 0
v 0.364656 -0.117103 0.250187 0 0
v 0.423755 -0.451884 0.144107 0 0
v 0.373222 -0.489889 0.177505 0 0
v 0.377131 -0.511954 0.172856 0 0
v 0.425858 -0.0938303 0.197581 0 0
v 0.450323 -0.0165864 0.0347151 0 0
v 0.388806 -0.460037 0.210736 0 0
v 0.408642 -0.0514218 0.195349 0 0
v 0.410058 -0.0630363 0.15808 0 0
v 0.385052 -0.157013 0.281936 0 0
v 0.361455 -0.241778 0.228585 0 0
v 0.402588 -0.344964 0.2161 0 0
v 0.392001 -0.308783 0.290889 0 0
v 0.410466 -0.0366203 0.078172 0 0
v 0.375452 -0.165615 0.294694 0 0
v 0.371123 -0.404067 0.245458 0 0
v 0.419972 -0.0440601 0.127914 0 0
v 0.394074 -0.226826 0.257193 0 0
v 0.394712 -0.23143 0.254061 0 0
v 0.421328 -0.0303839 0.0655167 0 0
v 0.396721 -0.236456 0.222885 0 0
v 0.383989 -0.259104 0.264035 0 0
v 0.39893 -0.242506 0.260618 0 0
v 0.329435 -0.286875 0.254215 0 0
v 0.400202 -0.471821 0.0768902 0 0
v 0.370418 -0.287547 0.264727 0 0
v 0.395781 -0.32309 0.255767 0 0
v 0.423456 -0.0292559 0.126765 0 0
v 0.383132 -0.237411 0.248322 0 0
v 0.395747 -0.294078 0.253829 0 0
v 0.384355 -0.244378 0.276367 0 0
v 0.419057 -0.0444768 0.131041 0 0
v 0.395835 -0.387076 0.185228 0 0
v 0.407981 -0.367636 0.207164 0 0
v 0.456948 -0.447979 0.0454632 0 0
v 0.385414 -0.204451 0.226843 0 0
v 0.394251 -0.137822 0.234192 0 0
v 0.376292 -0.257005 0.269561 0 0
v 0.437958 -0.405787 0.155275 0 0
v 0.418173 -0.37709 0.216291 0 0
v 0.378761 -0.147993 0.186911 0 0
v 0.402635 -0.323415 0.238849 0 0
v 0.429967 -0.263301 0.220071 0 0
v 0.437573 -0.366532 0.191566 0 0
v 0.486072 -0.111474 0.128211 0 0
v 0.390539 -0.247164 0.278061 0 0
v 0.445122 -0.203466 0.21792 0 0
v 0.415654 -0.244836 0.175397 0 0
v 0.403868 -0.398709 0.175704 0 0
v 0.410855 -0.206832 0.171679 0 0
v 0.471379 -0.0991008 0.156397 0 0
v 0.386965 -0.206172 0.188342 0 0
v 0.412797 -0.23533 0.199163 0 0
v 0.493252 -0.459659 0.015526 0 0
v 0.408649 -0.281794 0.202915 0 0
v 0.458032 -0.240267 0.202688 0 0
v 0.433577 -0.260473 0.181362 0 0
v 0.423466 -0.275845 0.14529 0 0
v 0.466657 -0.351122 0.0379098 0 0
v 0.507115 -0.141496 0.0960687 0 0
v 0.444985 -0.174412 0.137958 0 0
v 0.496756 -0.2788 0.128286 0 0
v 0.482445 -0.142308 0.128306 0 0
v 0.4686 -0.089707 0.0607304 0 0
v 0.433204 -0.250004 0.158504 0 0
v 0.467834 -0.413233 -0.0214759 0 0
v 0.480879 -0.165182 0.081166 0 0
v 0.462229 -0.361053 0.047274 0 0
v 0.492368 -0.349109 0.0465963 0 0
v 0.48323 -0.187588 0.165869 0 0
v 0.470347 -0.184025 0.158449 0 0
v 0.552805 -0.299152 -0.0677011 0 0
v 0.501308 -0.384002 -0.0563723 0 0
v 0.529012 -0.370515 -0.0599272 0 0
v 0.518157 -0.368073 -0.043862 0 0
v 0.497491 -0.297686 -0.123955 0 0
v 0.535178 -0.369853 -0.0709813 0 0
v 0.531113 -0.426964 -0.0370494 0 0
v 0.508242 -0.394231 -0.061973 0 0
