v -0.608872 0.111721 0.365564 0 0
v -0.641074 0.112235 0.337561 0 0
v -0.607017 0.179575 0.347009 0 0
v -0.582888 0.13951 0.370792 0 0
v -0.588102 0.108515 0.36639 0 0
v -0.593886 0.125646 0.418346 0 0
v -0.577865 0.174416 0.353481 0 0
v -0.57564 0.174478 0.387619 0 0
v -0.56708 0.112885 0.404576 0 0
v -0.574844 0.123985 0.421549 0 0
v -0.561884 0.143787 0.407134 0 0
v -0.578039 0.184174 0.406152 0 0
v -0.5395 0.0807924 0.380452 0 0
v -0.584244 0.139481 0.401544 0 0
v -0.572687 0.125684 0.414148 0 0
v -0.535911 0.152996 0.395031 0 0
v -0.54596 0.15046 0.398168 0 0
v -0.56684 0.235485 0.406798 0 0
v -0.537637 0.122936 0.388005 0 0
v -0.54462 0.165541 0.412237 0 0
v -0.568015 0.229087 0.372001 0 0
v -0.5527 0.138819 0.385829 0 0
v -0.604314 0.0668316 0.392889 0 0
v -0.55292 0.294788 0.304613 0 0
v -0.525238 0.18276 0.424913 0 0
v -0.5132 0.156256 0.439308 0 0
v -0.55282 0.174103 0.429154 0 0
v -0.528244 0.141114 0.430878 0 0
v -0.512166 0.202853 0.427864 0 0
v -0.503762 0.188485 0.433503 0 0
v -0.540695 0.326943 0.339943 0 0
v -0.502212 0.163886 0.445183 0 0
v -0.488496 0.256065 0.412277 0 0
v -0.524524 0.256341 0.400701 0 0
v -0.519308 0.139048 0.420311 0 0
v -0.516665 0.0912926 0.379887 0 0
v -0.524002 0.165325 0.420449 0 0
v -0.535804 0.0915703 0.423557 0 0
v -0.516257 0.158701 0.448784 0 0
v -0.508609 0.12113 0.426098 0 0
v -0.568845 -0.0617109 0.260854 0 0
v -0.518407 0.182744 0.441514 0 0
v -0.534643 -0.0797885 0.264059 0 0
v -0.478401 0.249579 0.450844 0 0
v -0.58691 -0.0853932 0.267325 0 0
v -0.527384 0.288745 0.421157 0 0
v -0.571599 -0.0811667 0.291103 0 0
v -0.547812 -0.108798 0.212151 0 0
v -0.567445 -0.0812863 0.247336 0 0
v -0.507898 -0.0909342 0.263637 0 0
v -0.486656 0.252005 0.424218 0 0
v -0.554732 0.0841247 0.373837 0 0
v -0.530324 -0.0866167 0.225277 0 0
v -0.486045 0.153813 0.422784 0 0
v -0.452675 0.270762 0.439765 0 0
v -0.541176 0.282029 0.33727 0 0
v -0.493865 0.290015 0.427276 0 0
v -0.461652 0.171683 0.457257 0 0
v -0.481759 0.155577 0.396773 0 0
v -0.562241 -0.0465578 0.22905 0 0
v -0.518938 -0.0346414 0.268927 0 0
v -0.499256 0.0970735 0.463844 0 0
v -0.521798 0.124378 0.38586 0 0
v -0.561495 -0.0145533 0.251552 0 0
v -0.507444 0.134861 0.445872 0 0
v -0.507823 0.0307683 0.315237 0 0
v -0.546295 -0.152703 0.31422 0 0
v -0.542295 -0.153368 0.32871 0 0
v -0.57826 0.0211473 0.158588 0 0
v -0.466324 0.310007 0.391248 0 0
v -0.517006 0.270688 0.396926 0 0
v -0.489287 0.266372 0.428382 0 0
v -0.542349 -0.0957709 0.333184 0 0
v -0.548067 -0.179056 0.284115 0 0
v -0.48579 0.157937 0.408261 0 0
v -0.493347 0.0874128 0.430015 0 0
v -0.532995 -0.165866 0.286011 0 0
v -0.476789 0.118313 0.449966 0 0
v -0.526197 -0.08602 0.31135 0 0
v -0.466196 -0.219362 0.261958 0 0
v -0.505707 -0.109665 0.304342 0 0
v -0.526143 -0.116666 0.303772 0 0
v -0.527276 -0.0809632 0.313154 0 0
v -0.527289 -0.191313 0.29779 0 0
v -0.498096 0.293902 0.327127 0 0
v -0.476967 0.180325 0.430334 0 0
v -0.486669 0.0443689 0.37827 0 0
v -0.485753 0.256878 0.431634 0 0
v -0.480737 0.0854371 0.390795 0 0
v -0.497703 0.30842 0.37735 0 0
v -0.483139 0.214134 0.425431 0 0
v -0.517055 0.0576344 0.380392 0 0
v -0.458252 -0.182058 0.339256 0 0
v -0.554523 -0.241449 0.294392 0 0
v -0.53503 -0.197019 0.293115 0 0
v -0.490047 -0.0568484 0.296332 0 0
v -0.476401 -0.157926 0.324316 0 0
v -0.495167 0.283037 0.348665 0 0
v -0.46022 0.18255 0.404472 0 0
v -0.453683 0.126022 0.459547 0 0
v -0.489621 -0.21864 0.295779 0 0
v -0.478979 0.17159 0.439866 0 0
v -0.525777 0.0980984 0.423773 0 0
v -0.442695 0.0587439 0.398616 0 0
v -0.473939 0.268665 0.385695 0 0
v -0.450692 0.256145 0.360479 0 0
v -0.42964 0.239144 0.435743 0 0
v -0.490103 0.240879 0.426632 0 0
v -0.464631 0.0767756 0.440556 0 0
v -0.536148 -0.0895292 0.350535 0 0
v -0.42232 0.294991 0.412062 0 0
v -0.46365 0.208352 0.405096 0 0
v -0.510108 -0.0374949 0.314068 0 0
v -0.500752 -0.104849 0.310628 0 0
v -0.500891 -0.145752 0.33786 0 0
v -0.486753 -0.242034 0.293164 0 0
v -0.46501 0.149078 0.385623 0 0
v -0.453579 0.14814 0.43185 0 0
v -0.530926 -0.215653 0.256112 0 0
v -0.489911 -0.0222649 0.314367 0 0
v -0.504973 -0.0111878 0.304636 0 0
v -0.472306 0.0656476 0.428134 0 0
v -0.436807 -0.197709 0.339529 0 0
v -0.463243 -0.0086351 0.283605 0 0
v -0.494069 -0.0660125 0.333613 0 0
v -0.484078 -0.109532 0.359423 0 0
v -0.511685 -0.143984 0.324257 0 0
v -0.446084 -0.116909 0.337379 0 0
v -0.485149 0.0145297 0.351484 0 0
v -0.469263 -0.00578817 0.298713 0 0
v -0.47406 -0.23706 0.322141 0 0
v -0.49564 0.0597617 0.397573 0 0
v -0.472468 0.00304175 0.364213 0 0
v -0.447855 0.237107 0.383454 0 0
v -0.446658 0.183992 0.422658 0 0
v -0.456741 0.16826 0.397334 0 0
v -0.434847 0.11612 0.429672 0 0
v -0.489556 -0.0705024 0.333491 0 0
v -0.473218 -0.12655 0.332448 0 0
v -0.459013 0.356649 0.329279 0 0
v -0.463896 0.098551 0.42754 0 0
v -0.462274 0.219945 0.39363 0 0
v -0.437964 0.270657 0.399219 0 0
v -0.44063 0.174462 0.405116 0 0
v -0.438928 -0.161479 0.362535 0 0
v -0.470185 0.332477 0.33797 0 0
v -0.419237 0.104968 0.455118 0 0
v -0.4421 -0.0474829 0.320067 0 0
v -0.488379 -0.214673 0.353579 0 0
v -0.456438 0.305589 0.364937 0 0
v -0.434079 0.173293 0.460784 0 0
v -0.483331 0.107722 0.406633 0 0
v -0.436302 0.0694209 0.428059 0 0
v -0.4733 0.00240689 0.349691 0 0
v -0.415102 0.252071 0.422303 0 0
v -0.427875 0.277753 0.406125 0 0
v -0.452302 0.12682 0.425958 0 0
v -0.430293 0.121746 0.41981 0 0
v -0.453373 -0.0733275 0.35121 0 0
v -0.408298 0.133842 0.399497 0 0
v -0.466006 -0.0529265 0.323654 0 0
v -0.43382 0.314571 0.346766 0 0
v -0.462814 -0.184897 0.352823 0 0
v -0.487588 -0.290931 0.251835 0 0
v -0.457413 -0.0382782 0.373588 0 0
v -0.46314 -0.0792807 0.359825 0 0
v -0.399988 0.106901 0.42997 0 0
v -0.427113 0.187454 0.460385 0 0
v -0.437193 0.0331131 0.385566 0 0
v -0.445889 -0.0312382 0.322983 0 0
v -0.470287 -0.108633 0.351605 0 0
v -0.444567 0.286316 0.413788 0 0
v -0.428951 0.168378 0.450541 0 0
v -0.401124 0.148405 0.432404 0 0
v -0.46438 -0.133787 0.374661 0 0
v -0.453708 0.266493 0.4268 0 0
v -0.449857 -0.0953618 0.413952 0 0
v -0.459001 0.138059 0.449721 0 0
v -0.462262 -0.0522804 0.341163 0 0
v -0.460798 -0.194394 0.369423 0 0
v -0.445262 -0.238721 0.336888 0 0
v -0.425319 -0.298358 0.300366 0 0
v -0.428063 0.0409285 0.374445 0 0
v -0.411162 -0.0714932 0.326304 0 0
v -0.472583 -0.111916 0.398438 0 0
v -0.438793 0.0477818 0.382417 0 0
v -0.427262 -0.138317 0.347253 0 0
v -0.40826 -0.141752 0.363887 0 0
v -0.421741 -0.198213 0.381312 0 0
v -0.453504 0.30513 0.389249 0 0
v -0.444715 0.259004 0.36333 0 0
v -0.467916 0.0132069 0.33039 0 0
v -0.489329 -0.316258 0.235854 0 0
v -0.381103 0.123824 0.451554 0 0
v -0.435892 0.165945 0.434046 0 0
v -0.445261 0.338798 0.338793 0 0
v -0.432853 0.202418 0.407561 0 0
v -0.423877 -0.103515 0.343946 0 0
v -0.429348 -0.10453 0.368655 0 0
v -0.409683 0.166879 0.438516 0 0
v -0.447061 0.152806 0.425523 0 0
v -0.415919 0.136901 0.428602 0 0
v -0.443044 0.106898 0.418497 0 0
v -0.437354 -0.0938179 0.384043 0 0
v -0.398956 -0.156618 0.428842 0 0
v -0.397857 0.199339 0.416035 0 0
v -0.424367 0.2823 0.350105 0 0
v -0.427612 0.233084 0.400156 0 0
v -0.414718 -0.0255718 0.351196 0 0
v -0.416403 0.311205 0.326816 0 0
v -0.420718 0.208414 0.449995 0 0
v -0.426327 -0.136503 0.398946 0 0
v -0.445955 -0.151424 0.359647 0 0
v -0.46376 0.281826 0.352366 0 0
v -0.43239 -0.00401255 0.324781 0 0
v -0.387476 -0.128724 0.38725 0 0
v -0.42363 0.342023 0.376427 0 0
v -0.389149 0.25022 0.378619 0 0
v -0.417991 0.181639 0.400668 0 0
v -0.437156 0.187812 0.387327 0 0
v -0.467647 -0.0752538 0.391453 0 0
v -0.412047 0.0624565 0.358522 0 0
v -0.415572 -0.0925303 0.382051 0 0
v -0.397173 -0.287989 0.317571 0 0
v -0.417056 0.128803 0.395589 0 0
v -0.427981 -0.194622 0.384592 0 0
v -0.432176 -0.24312 0.387768 0 0
v -0.417854 0.234564 0.410827 0 0
v -0.431042 -0.100944 0.351115 0 0
v -0.427905 -0.256594 0.358495 0 0
v -0.41062 -0.193156 0.389334 0 0
v -0.389116 0.135408 0.403277 0 0
v -0.453224 0.00704325 0.340078 0 0
v -0.410161 0.232898 0.38555 0 0
v -0.369487 0.164449 0.40687 0 0
v -0.404291 -0.52173 0.42372 0 0
v -0.388942 0.254621 0.366991 0 0
v -0.413158 0.040144 0.297443 0 0
v -0.375987 -0.14189 0.37247 0 0
v -0.410285 -0.204217 0.352042 0 0
v -0.428362 -0.281503 0.31247 0 0
v -0.393473 0.17577 0.41242 0 0
v -0.42977 0.0976844 0.37068 0 0
v -0.428168 -0.136103 0.338917 0 0
v -0.412245 0.247278 0.376908 0 0
v -0.408518 -0.253461 0.335546 0 0
v -0.416618 0.313936 0.369009 0 0
v -0.392989 0.131725 0.380299 0 0
v -0.38623 -0.092853 0.369354 0 0
v -0.39032 0.0854112 0.381195 0 0
v -0.435548 0.0652737 0.355269 0 0
v -0.395168 -0.0371665 0.337767 0 0
v -0.431037 -0.145507 0.389848 0 0
v -0.396732 -0.274177 0.354444 0 0
v -0.404657 0.261059 0.366432 0 0
v -0.391783 -0.0166524 0.351476 0 0
v -0.401974 -0.0343201 0.362746 0 0
v -0.372719 -0.125298 0.403699 0 0
v -0.375917 0.0751207 0.341166 0 0
v -0.426411 -0.318794 0.344887 0 0
v -0.395049 0.162857 0.397255 0 0
v -0.357741 0.0380768 0.395667 0 0
v -0.381749 -0.023359 0.387355 0 0
v -0.409204 -0.521296 0.391889 0 0
v -0.443438 0.282093 0.356301 0 0
v -0.419286 0.263222 0.318419 0 0
v -0.402399 -0.30433 0.365695 0 0
v -0.429031 -0.508066 0.380284 0 0
v -0.419032 0.287123 0.316094 0 0
v -0.386106 -0.0990824 0.406814 0 0
v -0.384623 -0.115439 0.38982 0 0
v -0.416816 -0.211718 0.406787 0 0
v -0.375629 0.0635807 0.408239 0 0
v -0.356918 -0.546694 0.402683 0 0
v -0.401497 -0.538814 0.407053 0 0
v -0.414095 0.35631 0.29668 0 0
v -0.426292 -0.159266 0.383861 0 0
v -0.409009 -0.513386 0.417435 0 0
v -0.359867 0.339878 0.323354 0 0
v -0.39421 0.154132 0.396626 0 0
v -0.415768 0.0186137 0.330603 0 0
v -0.398514 0.392685 0.279867 0 0
v -0.396007 0.221139 0.352912 0 0
v -0.365881 0.194437 0.358361 0 0
v -0.379531 0.143183 0.392456 0 0
v -0.353878 0.0552885 0.31386 0 0
v -0.422414 0.0480155 0.308799 0 0
v -0.351013 -0.0857605 0.39513 0 0
v -0.393559 -0.197881 0.387861 0 0
v -0.414151 -0.573166 0.417199 0 0
v -0.404489 -0.0230696 0.370515 0 0
v -0.383912 -0.290067 0.301303 0 0
v -0.373949 -0.519012 0.379888 0 0
v -0.388012 0.000809766 0.37019 0 0
v -0.404426 -0.15879 0.373212 0 0
v -0.40318 -0.507569 0.406077 0 0
v -0.394124 0.0805388 0.390319 0 0
v -0.382596 -0.154733 0.419144 0 0
v -0.381995 -0.316996 0.276923 0 0
v -0.354169 -0.546222 0.441548 0 0
v -0.415417 0.160307 0.408015 0 0
v -0.38458 0.136493 0.412402 0 0
v -0.357447 -0.11607 0.361473 0 0
v -0.368305 -0.192411 0.412653 0 0
v -0.369725 0.286879 0.341431 0 0
v -0.383316 0.194136 0.361543 0 0
v -0.372029 -0.130071 0.401912 0 0
v -0.371801 -0.513244 0.356714 0 0
v -0.336003 -0.506395 0.407216 0 0
v -0.430258 -0.575297 0.121913 0 0
v -0.392739 0.244118 0.345915 0 0
v -0.378193 0.118729 0.38345 0 0
v -0.34307 -0.027748 0.342873 0 0
v -0.4412 -0.259509 0.359913 0 0
v -0.382188 0.0905463 0.328821 0 0
v -0.392525 0.251494 0.298898 0 0
v -0.365192 -0.127577 0.413433 0 0
v -0.351901 -0.116797 0.372091 0 0
v -0.37295 -0.301586 0.366907 0 0
v -0.396771 0.383545 0.288761 0 0
v -0.373547 0.113921 0.364189 0 0
v -0.382459 -0.0540582 0.366712 0 0
v -0.379095 -0.146812 0.390565 0 0
v -0.398488 -0.28763 0.332705 0 0
v -0.354376 -0.531984 0.438078 0 0
v -0.350967 -0.518399 0.404682 0 0
v -0.32511 -0.535449 0.451336 0 0
v -0.384774 0.244518 0.354882 0 0
v -0.383484 -0.472621 0.430622 0 0
v -0.404906 0.237032 0.329737 0 0
v -0.363963 0.193415 0.365335 0 0
v -0.372035 0.0890078 0.318062 0 0
v -0.379829 0.08872 0.36531 0 0
v -0.366795 -0.134189 0.411529 0 0
v -0.37522 -0.129696 0.417982 0 0
v -0.368366 0.0500013 0.285858 0 0
v -0.357098 -0.15405 0.397978 0 0
v -0.365763 -0.15437 0.416612 0 0
v -0.428095 -0.535064 0.182281 0 0
v -0.32579 0.121447 0.354868 0 0
v -0.385753 -0.111625 0.379395 0 0
v -0.355779 -0.503808 0.374038 0 0
v -0.364147 0.216085 0.327156 0 0
v -0.421711 0.231812 0.311214 0 0
v -0.379082 0.0711194 0.334363 0 0
v -0.423722 0.34611 0.262701 0 0
v -0.385203 0.2029 0.338145 0 0
v -0.344205 0.17413 0.361668 0 0
v -0.388396 0.0357957 0.338312 0 0
v -0.41292 0.0329205 0.317389 0 0
v -0.407792 0.285199 0.339671 0 0
v -0.364529 0.273074 0.274455 0 0
v -0.366805 -0.141499 0.376488 0 0
v -0.378886 -0.504501 0.431031 0 0
v -0.33935 0.0666711 0.347116 0 0
v -0.383039 0.116982 0.325292 0 0
v -0.348504 0.0116016 0.356143 0 0
v -0.345193 -0.073736 0.386611 0 0
v -0.390758 -0.289868 0.316949 0 0
v -0.344229 -0.353671 0.316789 0 0
v -0.383431 -0.578236 0.42448 0 0
v -0.353157 0.199025 0.314188 0 0
v -0.358929 -0.183297 0.368944 0 0
v -0.367411 -0.515194 0.462594 0 0
v -0.352477 0.064356 0.330899 0 0
v -0.367975 -0.127142 0.403435 0 0
v -0.36571 -0.173508 0.382308 0 0
v -0.356061 -0.302964 0.343706 0 0
v -0.386862 -0.369986 0.286621 0 0
v -0.387096 0.363208 0.263976 0 0
v -0.349929 -0.180145 0.450476 0 0
v -0.388541 -0.357145 0.280427 0 0
v -0.388113 -0.397656 0.226267 0 0
v -0.377381 -0.45375 0.372278 0 0
v -0.372214 -0.18503 0.392719 0 0
v -0.354958 -0.275334 0.361487 0 0
v -0.361748 0.320767 0.288482 0 0
v -0.381632 -0.0824391 0.322355 0 0
v -0.330137 -0.236547 0.372418 0 0
v -0.420704 0.302168 0.277699 0 0
v -0.368506 0.144612 0.364422 0 0
v -0.372021 0.126184 0.342912 0 0
v -0.34962 -0.169324 0.395147 0 0
v -0.371792 -0.00719627 0.350219 0 0
v -0.381213 -0.00495048 0.401992 0 0
v -0.375254 0.285986 0.279438 0 0
v -0.352346 0.284937 0.278932 0 0
v -0.371646 0.255321 0.28618 0 0
v -0.347771 0.204594 0.333005 0 0
v -0.33851 -0.261893 0.389572 0 0
v -0.353693 -0.238002 0.366521 0 0
v -0.345571 0.241023 0.308235 0 0
v -0.360784 0.032115 0.300944 0 0
v -0.371546 -0.372785 0.251066 0 0
v -0.366745 0.107544 0.325481 0 0
v -0.347376 0.0369338 0.316931 0 0
v -0.308938 0.00935876 0.374352 0 0
v -0.342876 -0.082785 0.380964 0 0
v -0.360785 -0.143503 0.399468 0 0
v -0.33577 -0.20698 0.380609 0 0
v -0.375667 -0.287451 0.309094 0 0
v -0.35171 0.391432 0.262596 0 0
v -0.325062 -0.0300771 0.359993 0 0
v -0.312928 -0.155802 0.364566 0 0
v -0.340533 -0.274395 0.337939 0 0
v -0.335661 -0.245883 0.361326 0 0
v -0.382393 -0.293101 0.370581 0 0
v -0.340939 0.321901 0.279512 0 0
v -0.368403 0.267585 0.345038 0 0
v -0.364698 0.231378 0.312714 0 0
v -0.366774 0.150349 0.359724 0 0
v -0.353154 -0.0894016 0.371387 0 0
v -0.40461 -0.516523 0.132484 0 0
v -0.306769 0.179487 0.348949 0 0
v -0.337554 0.0933932 0.306952 0 0
v -0.354706 -0.0108156 0.366976 0 0
v -0.342854 -0.466147 0.404454 0 0
v -0.358909 0.315229 0.292787 0 0
v -0.310639 -0.528947 0.442461 0 0
v -0.365278 0.334754 0.314613 0 0
v -0.371289 0.105667 0.345934 0 0
v -0.331464 -0.244771 0.384681 0 0
v -0.341915 -0.480961 0.420298 0 0
v -0.349575 -0.529167 0.462208 0 0
v -0.336343 0.333204 0.298279 0 0
v -0.369416 0.290732 0.300381 0 0
v -0.341083 -0.0941478 0.380718 0 0
v -0.328412 0.234198 0.269148 0 0
v -0.344488 0.304463 0.306731 0 0
v -0.363271 -0.0713925 0.395504 0 0
v -0.303417 -0.09938 0.375651 0 0
v -0.365118 -0.308369 0.350764 0 0
v -0.373541 0.256692 0.294775 0 0
v -0.323061 0.203334 0.321058 0 0
v -0.357197 -0.0447594 0.374024 0 0
v -0.362561 0.0879468 0.322666 0 0
v -0.328395 -0.151357 0.36377 0 0
v -0.303348 -0.179963 0.365662 0 0
v -0.324392 -0.320928 0.325881 0 0
v -0.325545 0.151831 0.315485 0 0
v -0.354892 0.104079 0.326079 0 0
v -0.339908 -0.108881 0.361175 0 0
v -0.33153 -0.14535 0.416371 0 0
v -0.296652 -0.509598 0.430778 0 0
v -0.341417 0.279231 0.256757 0 0
v -0.342872 0.184586 0.307401 0 0
v -0.333142 -0.057086 0.380183 0 0
v -0.338646 -0.217215 0.408656 0 0
v -0.35915 0.367524 0.259913 0 0
v -0.323151 0.25471 0.316254 0 0
v -0.340568 0.017898 0.348073 0 0
v -0.299454 -0.0406997 0.404076 0 0
v -0.34736 -0.239901 0.369595 0 0
v -0.335935 0.291218 0.296815 0 0
v -0.370168 0.27005 0.311252 0 0
v -0.377942 0.0692929 0.327926 0 0
v -0.328882 0.0351248 0.314101 0 0
v -0.376469 0.0727282 0.348862 0 0
v -0.312287 -0.0757255 0.358008 0 0
v -0.327917 -0.272095 0.350868 0 0
v -0.365413 -0.352495 0.283764 0 0
v -0.343651 0.174421 0.320226 0 0
v -0.363534 0.087047 0.320862 0 0
v -0.348953 -0.0162977 0.328162 0 0
v -0.282172 -0.497236 0.437629 0 0
v -0.336436 -0.0655242 0.369251 0 0
v -0.314375 -0.0911924 0.384446 0 0
v -0.296728 -0.0995665 0.407343 0 0
v -0.345173 -0.100682 0.389566 0 0
v -0.308759 -0.459594 0.355549 0 0
v -0.324444 -0.520114 0.440338 0 0
v -0.348558 0.350461 0.26611 0 0
v -0.352847 0.320633 0.289 0 0
v -0.3151 0.269149 0.297784 0 0
v -0.365741 0.266844 0.322432 0 0
v -0.327921 0.232881 0.294579 0 0
v -0.328402 0.170095 0.309467 0 0
v -0.318936 -0.0439978 0.365751 0 0
v -0.291351 -0.510597 0.424072 0 0
v -0.351367 -0.00986259 0.314909 0 0
v -0.297836 -0.125056 0.419001 0 0
v -0.331942 -0.214997 0.401494 0 0
v -0.34107 -0.267185 0.344957 0 0
v -0.36526 -0.32617 0.386847 0 0
v -0.308826 -0.509798 0.154066 0 0
v -0.323202 0.0128765 0.346062 0 0
v -0.359438 -0.163103 0.361503 0 0
v -0.341943 -0.250667 0.353035 0 0
v -0.328696 0.35728 0.313878 0 0
v -0.37582 0.138562 0.332543 0 0
v -0.320637 0.100387 0.355511 0 0
v -0.316038 -0.045149 0.366055 0 0
v -0.331186 -0.10319 0.42553 0 0
v -0.32328 -0.102731 0.400033 0 0
v -0.372462 -0.422928 0.225308 0 0
v -0.360535 -0.483475 0.100077 0 0
v -0.357739 0.240479 0.254796 0 0
v -0.324434 -0.207459 0.403955 0 0
v -0.330769 0.319999 0.276143 0 0
v -0.343499 0.313814 0.263135 0 0
v -0.265272 0.086059 0.319558 0 0
v -0.327145 0.0184256 0.352988 0 0
v -0.306893 -0.122788 0.417273 0 0
v -0.324319 0.134825 0.319379 0 0
v -0.342306 -0.0928668 0.377476 0 0
v -0.345971 -0.163317 0.37667 0 0
v -0.332741 -0.353619 0.31887 0 0
v -0.330425 0.307908 0.237042 0 0
v -0.304322 -0.133574 0.390396 0 0
v -0.334924 0.384246 0.262685 0 0
v -0.300837 -0.0950874 0.364569 0 0
v -0.290961 -0.126639 0.361919 0 0
v -0.282035 -0.277291 0.336151 0 0
v -0.326034 -0.0600089 0.373872 0 0
v -0.272869 -0.528268 0.466712 0 0
v -0.279609 -0.543251 0.416323 0 0
v -0.316924 0.00811862 0.386078 0 0
v -0.287961 -0.482985 0.40153 0 0
v -0.330616 -0.494417 0.418149 0 0
v -0.295731 -0.0718048 0.404942 0 0
v -0.326854 0.236839 0.297638 0 0
v -0.347362 0.238675 0.295773 0 0
v -0.315132 -0.160117 0.388175 0 0
v -0.290825 -0.283201 0.359536 0 0
v -0.378332 -0.472062 0.0856899 0 0
v -0.292107 -0.441611 0.304736 0 0
v -0.338316 -0.495903 0.368386 0 0
v -0.305598 0.195986 0.300892 0 0
v -0.269008 -0.125493 0.367238 0 0
v -0.33466 -0.276719 0.369067 0 0
v -0.300454 -0.301511 0.381325 0 0
v -0.316331 0.292494 0.253045 0 0
v -0.373058 0.275577 0.233557 0 0
v -0.278112 -0.0763311 0.390087 0 0
v -0.277855 -0.137545 0.372765 0 0
v -0.329772 -0.335793 0.332216 0 0
v -0.372259 0.22903 0.280154 0 0
v -0.344701 0.226154 0.286959 0 0
v -0.275436 -0.0799474 0.396622 0 0
v -0.325792 -0.216914 0.389122 0 0
v -0.286908 -0.413019 0.226281 0 0
v -0.278417 0.412064 0.276097 0 0
v -0.327779 0.322776 0.230189 0 0
v -0.261915 -0.485371 0.365469 0 0
v -0.289509 0.052628 0.291288 0 0
v -0.315578 0.0439664 0.295982 0 0
v -0.321442 0.0423291 0.357029 0 0
v -0.289729 -0.0577767 0.379119 0 0
v -0.318717 -0.465893 0.326805 0 0
v -0.300806 -0.499507 0.419264 0 0
v -0.308173 0.120827 0.331324 0 0
v -0.302674 -0.156499 0.428385 0 0
v -0.319887 -0.475566 0.338332 0 0
v -0.304524 0.33085 0.243293 0 0
v -0.308399 0.330588 0.19966 0 0
v -0.329319 0.221757 0.29775 0 0
v -0.338828 0.343143 0.275549 0 0
v -0.341884 0.365483 0.218963 0 0
v -0.263357 -0.0707854 0.369552 0 0
v -0.335475 -0.464081 0.385002 0 0
v -0.277534 0.249209 0.237379 0 0
v -0.290102 0.111932 0.274609 0 0
v -0.283422 -0.0368558 0.376249 0 0
v -0.311869 -0.43217 0.128649 0 0
v -0.306174 -0.469655 0.154021 0 0
v -0.279524 -0.476493 0.384686 0 0
v -0.346334 0.317779 0.254945 0 0
v -0.278445 0.30251 0.268973 0 0
v -0.34324 0.226568 0.214123 0 0
v -0.296893 -0.0842806 0.381988 0 0
v -0.281643 -0.188618 0.385654 0 0
v -0.331573 0.377951 0.22465 0 0
v -0.307898 0.301237 0.268835 0 0
v -0.315831 0.111134 0.312694 0 0
v -0.252818 -0.127115 0.393568 0 0
v -0.324866 -0.466826 0.12007 0 0
v -0.270303 -0.511008 0.412288 0 0
v -0.410828 0.53084 -0.401145 0 0
v -0.336686 0.366355 0.240573 0 0
v -0.32292 0.352532 0.248434 0 0
v -0.278034 -0.0524609 0.387654 0 0
v -0.280359 -0.079396 0.38184 0 0
v -0.349153 -0.430391 0.0929433 0 0
v -0.278495 0.36464 0.235261 0 0
v -0.290635 0.253598 0.233026 0 0
v -0.287536 -0.000153613 0.338608 0 0
v -0.270518 -0.0444605 0.364274 0 0
v -0.272464 -0.254112 0.417944 0 0
v -0.311245 -0.432859 0.31032 0 0
v -0.29996 0.0643558 0.306341 0 0
v -0.283608 -0.0903228 0.37947 0 0
v -0.301246 -0.477542 0.387668 0 0
v -0.30166 0.238749 0.264902 0 0
v -0.263686 -0.322583 0.381667 0 0
v -0.310616 0.36085 0.251561 0 0
v -0.278248 -0.0515774 0.415119 0 0
v -0.333406 -0.466023 0.332451 0 0
v -0.274928 -0.482517 0.415306 0 0
v -0.275801 0.351677 0.235304 0 0
v -0.277607 0.271733 0.254412 0 0
v -0.304036 0.0773005 0.281726 0 0
v -0.318245 0.261806 0.247388 0 0
v -0.269259 -0.426405 0.311235 0 0
v -0.255956 -0.471595 0.360877 0 0
v -0.276838 0.0745912 0.312055 0 0
v -0.267374 -0.0451997 0.354636 0 0
v -0.269771 -0.137566 0.439518 0 0
v -0.339043 0.378027 0.214933 0 0
v -0.261469 -0.0520056 0.351461 0 0
v -0.299065 -0.0817865 0.412039 0 0
v -0.277002 -0.171502 0.408398 0 0
v -0.324815 -0.437071 0.304255 0 0
v -0.297425 0.114609 0.317794 0 0
v -0.266863 -0.458009 0.353496 0 0
v -0.263245 -0.513703 0.414683 0 0
v -0.293905 0.231136 0.230135 0 0
v -0.3206 0.249382 0.237343 0 0
v -0.279234 0.15592 0.309346 0 0
v -0.277275 0.0135726 0.364136 0 0
v -0.267768 -0.339805 0.332794 0 0
v -0.327586 0.136619 0.312158 0 0
v -0.313267 0.009748 0.34616 0 0
v -0.264793 -0.218206 0.364484 0 0
v -0.305463 0.0476946 0.281658 0 0
v -0.301836 0.00729088 0.361241 0 0
v -0.267483 0.00649126 0.339535 0 0
v -0.260399 -0.0397308 0.341482 0 0
v -0.248202 -0.174156 0.365812 0 0
v -0.259822 -0.260733 0.386933 0 0
v -0.251121 -0.404356 0.253966 0 0
v -0.264395 -0.527236 0.41665 0 0
v -0.411505 0.534711 -0.461975 0 0
v -0.261954 0.00900626 0.31341 0 0
v -0.250902 -0.000837971 0.388038 0 0
v -0.257982 -0.230066 0.380575 0 0
v -0.265411 -0.268828 0.345722 0 0
v -0.242341 -0.272546 0.360391 0 0
v -0.286069 -0.0620983 0.342226 0 0
v -0.279158 -0.227331 0.340031 0 0
v -0.255438 -0.338014 0.358114 0 0
v -0.289014 -0.431833 0.324107 0 0
v -0.304426 0.273214 0.233317 0 0
v -0.30141 0.17529 0.236075 0 0
v -0.280029 0.210699 0.266168 0 0
v -0.285768 -0.130974 0.377662 0 0
v -0.283796 0.186146 0.30206 0 0
v -0.249018 -0.0275717 0.355907 0 0
v -0.254759 -0.0513688 0.401658 0 0
v -0.257483 -0.122819 0.412052 0 0
v -0.262213 -0.187114 0.383323 0 0
v -0.248411 -0.516557 0.372854 0 0
v -0.291219 0.408743 0.195583 0 0
v -0.289391 0.307504 0.201668 0 0
v -0.252027 -0.220711 0.392573 0 0
v -0.26516 -0.293205 0.338293 0 0
v -0.278361 -0.104169 0.401915 0 0
v -0.270363 -0.299349 0.375321 0 0
v -0.308662 0.354734 0.170674 0 0
v -0.310345 0.0787771 0.278712 0 0
v -0.300599 0.0920813 0.289647 0 0
v -0.279793 0.00939884 0.350871 0 0
v -0.261821 -0.170802 0.415348 0 0
v -0.298442 0.319508 0.199018 0 0
v -0.27085 0.24606 0.218773 0 0
v -0.227664 -0.0185743 0.355908 0 0
v -0.250678 -0.178745 0.40603 0 0
v -0.27089 -0.223598 0.406199 0 0
v -0.269063 -0.40117 0.326316 0 0
v -0.343235 0.39908 0.0633093 0 0
v -0.262151 -0.140079 0.381734 0 0
v -0.224646 -0.335724 0.36131 0 0
v -0.260512 0.00891167 0.364352 0 0
v -0.252039 -0.170604 0.402819 0 0
v -0.237925 -0.151834 0.42308 0 0
v -0.299729 0.184775 0.26153 0 0
v -0.283865 -0.205162 0.344879 0 0
v -0.290441 -0.579455 0.42741 0 0
v -0.329662 0.366167 0.0786503 0 0
v -0.281676 0.322705 0.174127 0 0
v -0.30472 0.280026 0.198407 0 0
v -0.266349 0.0578537 0.263365 0 0
v -0.263233 -0.00748617 0.350048 0 0
v -0.249243 -0.114889 0.336764 0 0
v -0.25132 -0.480044 0.378393 0 0
v -0.258037 -0.284195 0.376751 0 0
v -0.243584 -0.278387 0.341449 0 0
v -0.256633 -0.481435 0.398885 0 0
v -0.242935 -0.537007 0.440005 0 0
v -0.248084 0.115569 0.262791 0 0
v -0.248391 -0.0668658 0.369024 0 0
v -0.247022 -0.153183 0.39417 0 0
v -0.25577 -0.183096 0.373345 0 0
v -0.297943 0.382289 0.114674 0 0
v -0.28159 0.221432 0.21379 0 0
v -0.266238 -0.382566 0.383192 0 0
v -0.30937 0.363731 0.175962 0 0
v -0.294147 0.223602 0.280513 0 0
v -0.283022 -0.224189 0.383314 0 0
v -0.227277 -0.251116 0.372461 0 0
v -0.238499 -0.455976 0.3417 0 0
v -0.318578 0.326356 0.171352 0 0
v -0.235843 0.173745 0.233399 0 0
v -0.232616 -0.0394047 0.38011 0 0
v -0.228137 -0.133179 0.3983 0 0
v -0.284756 -0.272488 0.377464 0 0
v -0.2378 -0.349233 0.337408 0 0
v -0.245354 -0.490125 0.415163 0 0
v -0.30073 0.357835 0.153094 0 0
v -0.267123 0.0591027 0.296047 0 0
v -0.229506 0.0676704 0.259994 0 0
v -0.253753 -0.102206 0.404888 0 0
v -0.232906 -0.255111 0.393417 0 0
v -0.280403 0.370158 0.0390919 0 0
v -0.305869 0.218975 0.211824 0 0
v -0.266513 0.0505498 0.267517 0 0
v -0.280946 -0.465718 0.355064 0 0
v -0.238505 -0.0157431 0.386652 0 0
v -0.258652 -0.0319385 0.370398 0 0
v -0.242124 -0.475372 0.323207 0 0
v -0.249788 -0.575427 0.415221 0 0
v -0.264923 0.20881 0.198383 0 0
v -0.264175 0.150761 0.25057 0 0
v -0.250228 0.132612 0.269842 0 0
v -0.216291 -0.222454 0.37185 0 0
v -0.241948 -0.508733 0.387322 0 0
v -0.222185 -0.542854 0.445671 0 0
v -0.285592 0.330797 0.0649431 0 0
v -0.257342 0.11731 0.271285 0 0
v -0.254493 -0.0273631 0.356262 0 0
v -0.2897 0.347747 0.163272 0 0
v -0.250758 0.125789 0.255807 0 0
v -0.258417 0.123485 0.286095 0 0
v -0.26315 -0.462512 0.388296 0 0
v -0.248999 -0.449609 0.352239 0 0
v -0.242195 -0.444225 0.384816 0 0
v -0.259415 0.430296 0.0335426 0 0
v -0.271419 0.273676 0.182243 0 0
v -0.269738 0.140553 0.273383 0 0
v -0.289848 0.0732797 0.310164 0 0
v -0.216756 0.0361839 0.312718 0 0
v -0.258868 -0.237174 0.413613 0 0
v -0.194536 -0.244923 0.354315 0 0
v -0.254047 -0.410452 0.377064 0 0
v -0.321452 0.4476 0.0651642 0 0
v -0.279666 0.33468 0.125577 0 0
v -0.234246 -0.110029 0.360082 0 0
v -0.331343 0.405831 0.0582679 0 0
v -0.189057 -0.525686 0.390395 0 0
v -0.239736 0.264331 0.0984591 0 0
v -0.239552 0.254262 0.156935 0 0
v -0.24853 0.0554596 0.294642 0 0
v -0.228639 -0.127668 0.387528 0 0
v -0.241909 -0.171233 0.399063 0 0
v -0.238692 0.197267 0.216593 0 0
v -0.244717 -0.104271 0.397976 0 0
v -0.231203 -0.249244 0.341194 0 0
v -0.205809 -0.331167 0.394057 0 0
v -0.301313 -0.413613 0.344875 0 0
v -0.233554 -0.469473 0.345829 0 0
v -0.240594 -0.480461 0.389477 0 0
v -0.239147 0.0320253 0.340984 0 0
v -0.231484 -0.399791 0.366635 0 0
v -0.255302 0.401436 0.0541444 0 0
v -0.259504 0.0563414 0.309142 0 0
v -0.23383 -0.0282166 0.342926 0 0
v -0.227801 -0.486528 0.373072 0 0
v -0.237194 -0.561607 0.433618 0 0
v -0.274875 0.0510997 0.298458 0 0
v -0.225928 -0.110562 0.38581 0 0
v -0.258552 -0.569778 0.415233 0 0
v -0.267284 0.336204 0.0780192 0 0
v -0.265013 -0.361568 0.3388 0 0
v -0.280884 0.430783 0.0679891 0 0
v -0.21214 -0.117645 0.371013 0 0
v -0.255314 0.0956143 0.28914 0 0
v -0.246695 -0.107252 0.370081 0 0
v -0.207238 -0.187134 0.37135 0 0
v -0.260949 -0.33732 0.399687 0 0
v -0.218798 0.248428 0.100229 0 0
v -0.284598 0.290178 0.142093 0 0
v -0.257821 -0.058163 0.36256 0 0
v -0.202071 -0.10134 0.373523 0 0
v -0.261242 0.184969 0.183817 0 0
v -0.232367 0.265691 0.0876037 0 0
v -0.300879 0.290388 0.0566043 0 0
v -0.234202 -0.238042 0.411662 0 0
v -0.30972 0.442707 0.0329267 0 0
v -0.250739 0.24676 0.0983589 0 0
v -0.236122 -0.092609 0.34639 0 0
v -0.216999 -0.212446 0.382002 0 0
v -0.26994 0.149075 0.209795 0 0
v -0.196885 0.0402586 0.320052 0 0
v -0.220608 -0.0621204 0.346474 0 0
v -0.230973 -0.232166 0.421726 0 0
v -0.20058 -0.377707 0.351905 0 0
v -0.227998 0.0752527 0.27804 0 0
v -0.222712 0.00669618 0.337146 0 0
v -0.208598 -0.122832 0.370982 0 0
v -0.23809 -0.147603 0.341477 0 0
v -0.206308 -0.287677 0.391129 0 0
v -0.223442 -0.31522 0.371629 0 0
v -0.184679 -0.525231 0.350001 0 0
v -0.277491 0.444404 0.100233 0 0
v -0.258033 0.301651 0.0850314 0 0
v -0.249261 -0.096271 0.352949 0 0
v -0.203771 -0.3711 0.412484 0 0
v -0.190877 -0.52281 0.412233 0 0
v -0.24018 0.0771775 0.311207 0 0
v -0.188949 -0.205138 0.365722 0 0
v -0.212727 -0.324885 0.368866 0 0
v -0.227821 -0.356796 0.37727 0 0
v -0.231679 -0.49712 0.406201 0 0
v -0.195755 -0.539087 0.430438 0 0
v -0.259144 0.381402 0.065864 0 0
v -0.235716 -0.163967 0.420459 0 0
v -0.255686 0.387835 0.0895746 0 0
v -0.195611 -0.400171 0.372899 0 0
v -0.213115 -0.421561 0.377131 0 0
v -0.23002 -0.493473 0.402903 0 0
v -0.254011 0.359644 0.0889822 0 0
v -0.259941 0.344426 0.066123 0 0
v -0.279622 0.206796 0.161238 0 0
v -0.253151 0.0540562 0.282306 0 0
v -0.216197 -0.135804 0.35914 0 0
v -0.189183 -0.179524 0.345377 0 0
v -0.19689 -0.323328 0.389616 0 0
v -0.234123 0.0788229 0.269556 0 0
v -0.221727 -0.0790911 0.390303 0 0
v -0.175675 -0.566488 0.390717 0 0
v -0.223923 0.457078 0.0118183 0 0
v -0.231847 0.0908306 0.219827 0 0
v -0.190701 -0.200888 0.390183 0 0
v -0.196359 -0.139238 0.381289 0 0
v -0.21654 -0.216204 0.398921 0 0
v -0.181513 -0.470926 0.384927 0 0
v -0.220739 0.344215 0.0540601 0 0
v -0.216158 0.0539665 0.297373 0 0
v -0.226617 -0.314785 0.410338 0 0
v -0.200074 -0.376763 0.358591 0 0
v -0.1701 -0.424503 0.391454 0 0
v -0.253936 0.15008 0.192063 0 0
v -0.256696 -0.0288656 0.379929 0 0
v -0.195694 -0.144921 0.363483 0 0
v -0.214533 0.372869 0.051656 0 0
v -0.19236 0.0221239 0.330816 0 0
v -0.204109 -0.153984 0.382803 0 0
v -0.153952 -0.310926 0.379881 0 0
v -0.257423 0.400634 0.0822575 0 0
v -0.216773 0.142119 0.233389 0 0
v -0.222151 0.125193 0.281838 0 0
v -0.196135 -0.547224 0.374 0 0
v -0.24864 0.427778 0.0528877 0 0
v -0.214131 0.427764 0.00289629 0 0
v -0.226757 0.183943 0.204377 0 0
v -0.232715 -0.0469965 0.330924 0 0
v -0.200271 -0.4781 0.372767 0 0
v -0.214515 -0.144453 0.365158 0 0
v -0.195216 -0.182488 0.398317 0 0
v -0.207565 -0.292713 0.357555 0 0
v -0.16854 -0.363044 0.361149 0 0
v -0.194674 -0.485613 0.36537 0 0
v -0.235072 0.0524772 0.32478 0 0
v -0.231045 -0.164859 0.395345 0 0
v -0.210649 -0.159785 0.383646 0 0
v -0.200119 -0.160321 0.389586 0 0
v -0.214743 -0.286317 0.424188 0 0
v -0.205418 0.169232 0.139504 0 0
v -0.240336 -0.183828 0.373547 0 0
v -0.185562 -0.471541 0.375245 0 0
v -0.184035 -0.540655 0.384944 0 0
v -0.233624 0.467186 0.0127519 0 0
v -0.248813 0.141487 0.251118 0 0
v -0.171719 -0.221793 0.378934 0 0
v -0.204234 -0.282574 0.400737 0 0
v -0.192885 -0.499651 0.369747 0 0
v -0.195573 -0.46695 0.366991 0 0
v -0.253512 0.375447 0.0220277 0 0
v -0.223678 0.00451275 0.326954 0 0
v -0.174071 -0.0181434 0.355875 0 0
v -0.214244 -0.0476481 0.33957 0 0
v -0.177222 -0.287106 0.399844 0 0
v -0.237844 0.440501 0.0330775 0 0
v -0.22581 -0.0278143 0.373542 0 0
v -0.203734 -0.298563 0.358128 0 0
v -0.221364 0.0376719 0.311221 0 0
v -0.198457 -0.279771 0.383072 0 0
v -0.145269 -0.310245 0.36952 0 0
v -0.171895 -0.485891 0.434509 0 0
v -0.240053 0.0437507 0.267874 0 0
v -0.19515 0.0645366 0.292747 0 0
v -0.219894 0.102126 0.236903 0 0
v -0.186623 -0.171589 0.366978 0 0
v -0.159591 -0.2291 0.408144 0 0
v -0.194189 -0.377086 0.411181 0 0
v -0.248827 0.107282 0.225021 0 0
v -0.191602 0.102275 0.268151 0 0
v -0.191486 -0.17933 0.378407 0 0
v -0.205652 0.346407 0.0267981 0 0
v -0.171176 -0.00645619 0.36304 0 0
v -0.1798 -0.139018 0.351597 0 0
v -0.20949 -0.327773 0.350237 0 0
v -0.200735 0.0316619 0.334005 0 0
v -0.188385 -0.422424 0.374186 0 0
v -0.14952 -0.0339355 0.345322 0 0
v -0.194989 -0.188529 0.377855 0 0
v -0.185632 -0.500438 0.424427 0 0
v -0.240244 0.0810889 0.18856 0 0
v -0.172826 -0.309655 0.402209 0 0
v -0.216961 0.402069 0.0356238 0 0
v -0.237881 0.337483 0.0721598 0 0
v -0.19674 0.0387601 0.314668 0 0
v -0.208621 -0.260048 0.39468 0 0
v -0.178816 -0.38427 0.361425 0 0
v -0.2188 -0.426168 0.389743 0 0
v -0.204276 -0.523126 0.420588 0 0
v -0.231524 0.366601 0.064108 0 0
v -0.181146 0.0624499 0.260496 0 0
v -0.190905 -0.418685 0.35853 0 0
v -0.187648 -0.0498976 0.362068 0 0
v -0.193522 -0.194267 0.358342 0 0
v -0.150775 -0.483595 0.432593 0 0
v -0.226272 0.337571 0.0549211 0 0
v -0.148689 -0.324973 0.368254 0 0
v -0.17435 -0.425072 0.333392 0 0
v -0.195261 -0.145518 0.367956 0 0
v -0.159429 -0.165299 0.42675 0 0
v -0.161336 -0.236498 0.411176 0 0
v -0.2282 0.286592 0.0410363 0 0
v -0.174981 -0.0895537 0.380336 0 0
v -0.184052 0.146587 0.228604 0 0
v -0.212079 0.138875 0.260057 0 0
v -0.171778 -0.0390003 0.393422 0 0
v -0.205018 -0.290063 0.373621 0 0
v -0.181194 0.366217 0.0417655 0 0
v -0.175464 0.371918 0.0568407 0 0
v -0.161869 -0.0289755 0.40415 0 0
v -0.168695 -0.113473 0.392757 0 0
v -0.167797 -0.210989 0.35757 0 0
v -0.145633 -0.21896 0.398054 0 0
v -0.166528 -0.284092 0.330183 0 0
v -0.176894 -0.452159 0.372395 0 0
v -0.191232 -0.0843272 0.35575 0 0
v -0.173417 -0.489061 0.451812 0 0
v -0.139064 0.079959 0.274398 0 0
v -0.183512 0.0689514 0.277318 0 0
v -0.189802 -0.0366161 0.374241 0 0
v -0.17982 -0.177196 0.363572 0 0
v -0.170075 -0.322764 0.395767 0 0
v -0.187656 -0.375975 0.371197 0 0
v -0.161862 -0.524038 0.381052 0 0
v -0.201143 -0.0143677 0.346773 0 0
v -0.160958 -0.0318839 0.327575 0 0
v -0.180742 -0.341272 0.426416 0 0
v -0.187963 0.152966 0.183721 0 0
v -0.215871 -0.0361397 0.386125 0 0
v -0.155203 -0.193839 0.424716 0 0
v -0.165674 -0.539248 0.452036 0 0
v -0.137943 -0.200551 0.368698 0 0
v -0.178016 -0.451507 0.390556 0 0
v -0.162362 -0.471457 0.401121 0 0
v -0.194435 0.493328 0.0179138 0 0
v -0.202577 0.350919 0.0762537 0 0
v -0.220505 0.322899 0.00194167 0 0
v -0.135334 -0.301393 0.379456 0 0
v -0.160283 -0.346023 0.373605 0 0
v -0.150013 -0.325089 0.392205 0 0
v -0.163646 0.0338707 0.2705 0 0
v -0.18901 0.308696 0.0186808 0 0
v -0.192509 0.132647 0.255898 0 0
v -0.178554 0.0342855 0.267685 0 0
v -0.148118 -0.416249 0.345115 0 0
v -0.205241 0.380232 0.0655404 0 0
v -0.175576 0.310075 0.0240593 0 0
v -0.104716 -0.024836 0.328718 0 0
v -0.171512 -0.46069 0.354736 0 0
v -0.10868 -0.476287 0.465308 0 0
v -0.182898 0.0647722 0.319338 0 0
v -0.135255 -0.0390165 0.329123 0 0
v -0.172354 -0.0151438 0.365001 0 0
v -0.196996 -0.0256638 0.368963 0 0
v -0.145663 -0.126257 0.373951 0 0
v -0.129093 -0.298163 0.371605 0 0
v -0.15662 0.0760201 0.244319 0 0
v -0.122253 -0.479636 0.405528 0 0
v -0.167586 0.44895 0.00861411 0 0
v -0.160341 0.0848343 0.249197 0 0
v -0.150671 -0.457373 0.363464 0 0
v -0.157206 -0.504884 0.43774 0 0
v -0.169598 0.324258 -0.00306414 0 0
v -0.171512 0.0460918 0.292885 0 0
v -0.182113 -0.120709 0.342527 0 0
v -0.114101 -0.524749 0.457135 0 0
v -0.193354 0.493899 -0.0158318 0 0
v -0.165598 0.0163775 0.291205 0 0
v -0.121896 -0.271715 0.365125 0 0
v -0.133548 -0.355741 0.390893 0 0
v -0.127996 -0.487653 0.416522 0 0
v -0.137057 -0.216198 0.352336 0 0
v -0.132901 -0.217817 0.35589 0 0
v -0.130725 0.0206505 0.284523 0 0
v -0.155326 -0.0809699 0.381418 0 0
v -0.142182 -0.442515 0.38178 0 0
v -0.137103 -0.0362612 0.351097 0 0
v -0.147432 -0.38277 0.380226 0 0
v -0.140362 -0.526613 0.45764 0 0
v -0.12581 -0.509275 0.490864 0 0
v -0.161825 0.418927 0.0199686 0 0
v -0.188765 0.365184 0.0194742 0 0
v -0.137845 -0.0320159 0.281253 0 0
v -0.137433 -0.0760436 0.357378 0 0
v -0.126815 -0.0806697 0.389946 0 0
v -0.145399 -0.178552 0.340396 0 0
v -0.15836 -0.221863 0.371134 0 0
v -0.135286 -0.390333 0.356458 0 0
v -0.113786 -0.466447 0.392003 0 0
v -0.129363 -0.229135 0.343569 0 0
v -0.151238 -0.452981 0.373619 0 0
v -0.123381 -0.512784 0.441634 0 0
v -0.132741 0.0301558 0.280835 0 0
v -0.138035 -0.480211 0.334054 0 0
v -0.161459 -0.0288843 0.343872 0 0
v -0.158683 -0.27926 0.350193 0 0
v -0.130189 -0.359009 0.339815 0 0
v -0.159729 -0.37177 0.34034 0 0
v -0.119809 -0.420014 0.381963 0 0
v -0.123398 -0.560529 0.472678 0 0
v -0.173592 0.504852 -0.015788 0 0
v -0.123096 -0.0094536 0.295099 0 0
v -0.1354 -0.0225174 0.36347 0 0
v -0.165006 -0.0388425 0.371579 0 0
v -0.10559 -0.126914 0.378515 0 0
v -0.157837 -0.240052 0.357386 0 0
v -0.180257 0.299227 -0.0208905 0 0
v -0.187612 -0.0463403 0.39798 0 0
v -0.16858 -0.0920402 0.41662 0 0
v -0.132339 -0.130004 0.398529 0 0
v -0.0928385 -0.0648285 0.378063 0 0
v -0.132352 -0.0418742 0.38991 0 0
v -0.121528 -0.112549 0.38565 0 0
v -0.146959 -0.260279 0.418307 0 0
v -0.152441 -0.351682 0.340109 0 0
v -0.125149 -0.371085 0.363827 0 0
v -0.121773 0.415888 0.0428813 0 0
v -0.170262 0.0205198 0.339514 0 0
v -0.130222 -0.248571 0.38019 0 0
v -0.134676 -0.222713 0.374241 0 0
v -0.127792 -0.363459 0.315609 0 0
v -0.125863 0.089646 0.337091 0 0
v -0.112675 -0.0775282 0.400171 0 0
v -0.131573 -0.3499 0.379827 0 0
v -0.140597 0.541276 -0.0487428 0 0
v -0.14697 -0.167049 0.387369 0 0
v -0.159891 0.396291 0.0185756 0 0
v -0.165381 0.111365 0.208039 0 0
v -0.161994 0.141933 0.180709 0 0
v -0.133513 -0.264815 0.383412 0 0
v -0.114028 -0.311722 0.329381 0 0
v -0.137289 -0.512872 0.423857 0 0
v -0.185298 0.429106 0.0101581 0 0
v -0.0904341 0.0759607 0.263814 0 0
v -0.154106 -0.438053 0.325046 0 0
v -0.156726 -0.583831 0.474892 0 0
v -0.155032 0.110625 0.217501 0 0
v -0.135281 -0.0405488 0.360098 0 0
v -0.13658 -0.206655 0.410731 0 0
v -0.125936 -0.525518 0.509192 0 0
v -0.146337 0.144421 0.197203 0 0
v -0.130898 0.117215 0.261655 0 0
v -0.127878 -0.0643948 0.407327 0 0
v -0.141808 -0.0881553 0.398111 0 0
v -0.146993 -0.0916479 0.368014 0 0
v -0.142847 -0.385298 0.370173 0 0
v -0.0966314 -0.560352 0.493374 0 0
v -0.139336 0.460281 -0.0135903 0 0
v -0.143943 0.396894 0.0119403 0 0
v -0.168919 0.355108 0.0392293 0 0
v -0.173922 0.364624 0.00881501 0 0
v -0.114656 0.138343 0.16152 0 0
v -0.122697 -0.402113 0.344392 0 0
v -0.118791 -0.381357 0.373028 0 0
v -0.107724 -0.47327 0.420448 0 0
v -0.128898 0.313477 -0.035949 0 0
v -0.111178 -0.511131 0.44942 0 0
v -0.136771 -0.395156 0.380033 0 0
v -0.138639 0.509107 -0.0125641 0 0
v -0.103785 -0.181054 0.400511 0 0
v -0.120628 -0.46449 0.346386 0 0
v -0.148006 0.529898 -0.0428031 0 0
v -0.132972 0.416879 -0.0473501 0 0
v -0.0954954 -0.0882227 0.415184 0 0
v -0.139159 -0.270578 0.376891 0 0
v -0.138984 -0.45605 0.392825 0 0
v -0.0969655 -0.528902 0.462604 0 0
v -0.0770942 -0.533602 0.485465 0 0
v -0.154995 0.359128 0.0367949 0 0
v -0.14671 -0.360693 0.344038 0 0
v -0.152155 -0.489561 0.423575 0 0
v -0.12306 0.471299 -0.0311003 0 0
v -0.144865 -0.428005 0.352759 0 0
v -0.145784 0.106084 0.195774 0 0
v -0.16558 -0.288348 0.39297 0 0
v -0.114065 -0.0715268 0.385934 0 0
v -0.141384 -0.464679 0.482813 0 0
v -0.135308 0.343576 0.00621674 0 0
v -0.0802279 -0.0628069 0.370448 0 0
v -0.110006 -0.230154 0.373256 0 0
v -0.0980873 -0.0100525 0.359535 0 0
v -0.145522 0.477838 -0.0335997 0 0
v -0.112014 -0.25376 0.361107 0 0
v -0.115912 -0.273196 0.369172 0 0
v -0.084374 0.065351 0.288389 0 0
v -0.0860298 -0.0737831 0.411479 0 0
v -0.0653014 -0.433544 0.443159 0 0
v -0.091283 0.358261 -0.0160823 0 0
v -0.118907 -0.176794 0.410888 0 0
v -0.133367 -0.366416 0.349434 0 0
v -0.151422 0.544156 -0.0434293 0 0
v -0.10141 -0.159437 0.413218 0 0
v -0.12933 -0.456544 0.337497 0 0
v -0.135296 0.175249 0.159478 0 0
v -0.118581 0.0467997 0.291367 0 0
v -0.0965051 -0.0676071 0.356253 0 0
v -0.0769558 -0.142511 0.3988 0 0
v -0.10755 -0.204863 0.404345 0 0
v -0.122385 0.488584 -0.0322199 0 0
v -0.114902 0.374163 0.00658469 0 0
v -0.105376 0.0143704 0.325682 0 0
v -0.104989 -0.0570282 0.34935 0 0
v -0.104284 -0.213874 0.402172 0 0
v -0.131187 -0.534655 0.510392 0 0
v -0.141436 0.451304 -0.0474615 0 0
v -0.0996529 0.353832 -0.0202972 0 0
v -0.129934 0.0710217 0.288822 0 0
v -0.118295 -0.203677 0.410491 0 0
v -0.0917706 -0.193172 0.394289 0 0
v -0.100894 -0.30902 0.392678 0 0
v -0.0864498 -0.351296 0.389368 0 0
v -0.103511 -0.0611964 0.368769 0 0
v -0.0915517 -0.0769313 0.361081 0 0
v -0.0914474 -0.0655154 0.384461 0 0
v -0.127517 -0.506298 0.415408 0 0
v -0.108247 0.0975016 0.245877 0 0
v -0.0962181 -0.258339 0.420532 0 0
v -0.0902573 -0.38248 0.404163 0 0
v -0.0963797 0.0587234 0.307505 0 0
v -0.112202 -0.0812419 0.373849 0 0
v -0.100478 -0.491318 0.47887 0 0
v -0.127179 0.452691 -0.0372768 0 0
v -0.108113 0.13051 0.155966 0 0
v -0.0912564 0.121803 0.180989 0 0
v -0.114749 -0.277509 0.373354 0 0
v -0.0942026 -0.292277 0.357549 0 0
v -0.113221 -0.376117 0.345225 0 0
v -0.125738 0.347641 -0.0326625 0 0
v -0.0605511 0.124259 0.25928 0 0
v -0.106074 0.0254531 0.317405 0 0
v -0.0716631 -0.305956 0.354282 0 0
v -0.0861509 0.493592 -0.0500521 0 0
v -0.145867 0.430836 0.0217617 0 0
v -0.112672 0.0237504 0.33441 0 0
v -0.092308 -0.473409 0.483129 0 0
v -0.101453 0.03653 0.286276 0 0
v -0.0680047 -0.283675 0.397202 0 0
v -0.140101 0.482105 -0.0733373 0 0
v -0.108303 0.404044 -0.0271793 0 0
v -0.0818407 -0.0128143 0.38314 0 0
v -0.079515 -0.110803 0.413182 0 0
v -0.109346 -0.181457 0.417432 0 0
v -0.0866812 -0.176375 0.432412 0 0
v -0.0825541 -0.330902 0.366508 0 0
v -0.103982 -0.419594 0.342278 0 0
v -0.0856653 -0.401912 0.375246 0 0
v -0.0603755 -0.489584 0.47249 0 0
v -0.0774763 0.470483 -0.0125851 0 0
v -0.0885074 0.072842 0.27737 0 0
v -0.0672301 0.00504703 0.349353 0 0
v -0.133101 -0.0419685 0.361544 0 0
v -0.0641029 -0.558687 0.458143 0 0
v -0.0830635 0.1449 0.196679 0 0
v -0.1078 0.0398675 0.327818 0 0
v -0.0879781 -0.0821034 0.360342 0 0
v -0.0899003 -0.238811 0.436976 0 0
v -0.0962862 -0.551543 0.487579 0 0
v -0.056379 -0.538731 0.493015 0 0
v -0.0694497 -0.571152 0.486078 0 0
v -0.0703716 -0.345788 0.354028 0 0
v -0.0911243 -0.00749571 0.357551 0 0
v -0.0593706 -0.0828901 0.336572 0 0
v -0.114807 -0.445831 0.369626 0 0
v -0.0558963 -0.491628 0.41247 0 0
v -0.101607 -0.480206 0.420769 0 0
v -0.0640251 -0.168311 0.444416 0 0
v -0.0811146 -0.318573 0.369278 0 0
v -0.102215 0.0144519 0.35123 0 0
v -0.0894173 -0.411023 0.406421 0 0
v -0.0802751 -0.440568 0.377955 0 0
v -0.0577407 -0.512566 0.486613 0 0
v -0.120633 0.376094 -0.0236936 0 0
v -0.0917814 -0.155941 0.449518 0 0
v -0.0461243 -0.140735 0.427806 0 0
v -0.0703295 -0.0624379 0.387564 0 0
v -0.0499254 -0.0850172 0.404726 0 0
v -0.0860668 -0.176903 0.456739 0 0
v -0.0819965 -0.319057 0.397783 0 0
v -0.0504829 -0.431668 0.366635 0 0
v -0.0598497 -0.543849 0.506449 0 0
v -0.0803419 -0.192672 0.444161 0 0
v -0.0804739 -0.535402 0.497498 0 0
v -0.0945319 0.338859 -0.0248402 0 0
v -0.107818 0.165254 0.159767 0 0
v -0.0782488 -0.314948 0.423589 0 0
v -0.0536186 -0.532093 0.506499 0 0
v -0.120069 0.50296 -0.0865142 0 0
v -0.0507541 -0.0392069 0.372171 0 0
v -0.106823 -0.49317 0.47583 0 0
v -0.0982947 0.532359 -0.0930727 0 0
v -0.103045 0.525035 -0.0803392 0 0
v -0.0945022 0.00616097 0.298201 0 0
v -0.0633712 -0.227497 0.494415 0 0
v -0.0899725 -0.440376 0.405805 0 0
v -0.1173 0.457858 -0.110737 0 0
v -0.06554 0.454103 -0.0580854 0 0
v -0.101947 -0.105854 0.417421 0 0
v -0.0506962 -0.152825 0.44061 0 0
v -0.0980004 -0.332482 0.391373 0 0
v -0.0949664 -0.451674 0.436895 0 0
v -0.0913648 0.469129 -0.0843914 0 0
v -0.113892 0.398085 -0.0688923 0 0
v -0.0620981 -0.049611 0.398542 0 0
v -0.0929209 -0.254598 0.412279 0 0
v -0.0694823 -0.462576 0.437619 0 0
v -0.0776383 -0.482607 0.506758 0 0
v -0.0648158 0.13866 0.244338 0 0
v -0.106619 0.549639 -0.077029 0 0
v -0.0960313 0.0289529 0.337871 0 0
v -0.0484394 -0.110996 0.373632 0 0
v -0.0730821 -0.457205 0.385438 0 0
v -0.0693028 0.49877 -0.0687725 0 0
v -0.0912844 0.46642 -0.0938804 0 0
v -0.071949 0.435807 -0.0539726 0 0
v -0.0657409 -0.000705387 0.313896 0 0
v -0.0526889 -0.120748 0.439981 0 0
v -0.099558 -0.152256 0.439843 0 0
v -0.091365 -0.169196 0.482313 0 0
v -0.08303 0.0235434 0.354745 0 0
v -0.0754877 0.00283642 0.348345 0 0
v -0.0476204 -0.448919 0.454235 0 0
v -0.0478381 -0.0291471 0.372698 0 0
v -0.0900975 0.464514 -0.10305 0 0
v -0.0447832 0.471592 -0.088739 0 0
v -0.0635508 -0.0455555 0.420959 0 0
v -0.0664485 -0.165739 0.480413 0 0
v -0.0648461 -0.254102 0.465133 0 0
v -0.0770974 -0.346237 0.419655 0 0
v -0.0826647 0.397801 -0.00779222 0 0
v -0.0444087 0.0600216 0.310987 0 0
v -0.052416 0.0646064 0.272272 0 0
v -0.0743551 -0.350133 0.448477 0 0
v -0.0910081 0.458773 -0.0658707 0 0
v -0.0699383 0.372813 -0.0173879 0 0
v -0.0422497 -0.0705623 0.394122 0 0
v -0.0893611 -0.197832 0.482816 0 0
v -0.0339823 -0.263311 0.499852 0 0
v -0.0643607 -0.199329 0.438104 0 0
v -0.0734818 -0.450952 0.43483 0 0
v -0.0554872 -0.517955 0.466682 0 0
v -0.0601266 -0.535523 0.51211 0 0
v -0.0674881 0.44977 -0.0507656 0 0
v -0.0527038 -0.348755 0.395199 0 0
v -0.0696897 -0.466199 0.414541 0 0
v -0.0399267 -0.521995 0.474544 0 0
v -0.0772667 0.500047 -0.109532 0 0
v -0.0661212 0.514521 -0.0769523 0 0
v -0.0906966 -0.327532 0.409836 0 0
v -0.076017 -0.350905 0.381205 0 0
v -0.028844 -0.286391 0.504589 0 0
v -0.0639027 -0.376909 0.386944 0 0
v -0.0486846 -0.569475 0.513621 0 0
v -0.0581632 -0.115686 0.449842 0 0
v -0.0328511 -0.428823 0.40442 0 0
v -0.0382259 0.563931 -0.0983875 0 0
v -0.0617678 0.448051 -0.0828965 0 0
v -0.0748813 0.061791 0.287123 0 0
v -0.0721689 0.0659286 0.362125 0 0
v -0.0711827 -0.135791 0.506926 0 0
v -0.0677664 -0.171866 0.471754 0 0
v -0.0272224 -0.301306 0.496455 0 0
v -0.0831944 -0.446285 0.424807 0 0
v -0.0580378 0.0825268 0.293046 0 0
v -0.0311589 -0.0842957 0.372676 0 0
v -0.050478 -0.10145 0.47106 0 0
v -0.0387423 -0.424725 0.396291 0 0
v -0.0616179 0.0265649 0.299168 0 0
v -0.0611756 -0.0425899 0.401306 0 0
v -0.044718 -0.199857 0.509508 0 0
v -0.0675024 -0.343851 0.435811 0 0
v -0.0484608 -0.341465 0.406538 0 0
v -0.0277654 -0.458007 0.428507 0 0
v -0.0610423 -0.510873 0.492353 0 0
v -0.0373944 -0.539409 0.49999 0 0
v -0.0555843 -0.427207 0.455183 0 0
v -0.0502447 -0.39523 0.429226 0 0
v -0.0246152 0.454243 -0.113065 0 0
v -0.0332251 0.0938051 0.248538 0 0
v -0.0195536 -0.213107 0.467592 0 0
v -0.0593452 -0.227804 0.486772 0 0
v -0.0419177 -0.305525 0.428336 0 0
v -0.0549784 -0.517138 0.508157 0 0
v -0.0566787 0.42851 -0.0384253 0 0
v -0.0306936 0.00729126 0.368009 0 0
v -0.0271433 -0.0283457 0.376731 0 0
v -0.0512018 -0.455506 0.425915 0 0
v -0.0128125 0.0214862 0.343082 0 0
v -0.0461082 -0.287988 0.462491 0 0
v -0.0938464 -0.442087 0.484714 0 0
v -0.0485427 0.557089 -0.0885059 0 0
v -0.0399208 0.116782 0.26504 0 0
v -0.0525549 -0.260442 0.528009 0 0
v -0.0557789 -0.0499811 0.397557 0 0
v -0.00206698 -0.341456 0.458386 0 0
v -0.0198134 -0.371461 0.434857 0 0
v -0.0392243 -0.535943 0.487311 0 0
v -0.058238 0.462095 -0.108297 0 0
v -0.0679449 0.086626 0.289935 0 0
v -0.0717434 -0.225813 0.480522 0 0
v -0.0385618 0.55661 -0.0941834 0 0
v -0.0601213 -0.099486 0.43796 0 0
v -0.0284473 -0.258256 0.452563 0 0
v -0.0640298 -0.296606 0.469073 0 0
v -0.0212677 -0.481663 0.520036 0 0
v -0.0425652 -0.0813212 0.390724 0 0
v -0.0574612 -0.283849 0.497935 0 0
v -0.0810395 -0.362452 0.430023 0 0
v -0.0645858 0.552756 -0.156437 0 0
v -0.0357907 -0.101496 0.432261 0 0
v -0.0511462 -0.211404 0.485431 0 0
v -0.021905 -0.202203 0.466482 0 0
v -0.0808237 -0.324113 0.455339 0 0
v -0.0463058 0.635802 -0.114343 0 0
v -0.0243001 -0.4257 0.446208 0 0
v -0.0478106 0.571117 -0.122597 0 0
v -0.0519368 0.590986 -0.117998 0 0
v -0.0534585 -0.130362 0.471709 0 0
v -0.0314184 -0.221419 0.498789 0 0
v -0.0406741 -0.416118 0.454188 0 0
v -0.0324105 -0.40358 0.39463 0 0
v -0.0606902 -0.468754 0.507778 0 0
v -0.0559474 -0.527028 0.498857 0 0
v 0.0101921 -0.128801 0.488106 0 0
v 0.00235482 -0.181902 0.46811 0 0
v -0.0345173 -0.44461 0.392192 0 0
v 8.56854e-05 0.0305854 0.339173 0 0
v -0.0503968 0.520007 -0.153374 0 0
v -0.0506952 0.494836 -0.119332 0 0
v -0.0123501 0.105957 0.260975 0 0
v -0.0291671 -0.0400911 0.372098 0 0
v -0.00661629 -0.0149296 0.362899 0 0
v -0.0239812 -0.0493803 0.346287 0 0
v -0.0236015 -0.263964 0.517808 0 0
v 0.0119522 -0.37485 0.442909 0 0
v -0.0326132 -0.468812 0.444644 0 0
v -0.0468594 -0.480636 0.479669 0 0
v -0.0212182 0.556472 -0.109557 0 0
v -0.0211174 -0.553146 0.499808 0 0
v -0.0247197 0.442362 -0.106193 0 0
v -0.0309949 -0.325388 0.504125 0 0
v 0.0161177 0.137876 0.187534 0 0
v -0.0175277 0.398558 -0.0443378 0 0
v -0.0389121 0.147593 0.221976 0 0
v -0.0490477 0.069493 0.308553 0 0
v -0.0124191 -0.196637 0.49723 0 0
v -0.0158925 -0.46352 0.424993 0 0
v -0.0238377 0.0499525 0.32847 0 0
v -0.0255449 -0.0827808 0.445046 0 0
v -0.00826298 -0.140302 0.487347 0 0
v -0.0236313 -0.494951 0.461267 0 0
v -0.0099807 -0.0683417 0.400498 0 0
v -0.0237768 -0.441855 0.44704 0 0
v -0.0464711 0.535398 -0.143299 0 0
v -0.0302621 0.40237 -0.0556008 0 0
v -0.0147116 0.0366939 0.365658 0 0
v -0.0138003 -0.0418605 0.367815 0 0
v -0.0315256 -0.230906 0.521243 0 0
v -0.016632 -0.295994 0.492039 0 0
v -0.0153094 -0.360131 0.446147 0 0
v -0.045707 -0.55664 0.467163 0 0
v -0.0242268 0.551653 -0.164317 0 0
v -0.036867 0.0399686 0.342428 0 0
v -0.035178 -0.178507 0.472984 0 0
v -0.00185482 -0.391439 0.481266 0 0
v 0.0164543 -0.268809 0.459436 0 0
v 0.00475782 -0.448726 0.423808 0 0
v -0.0297176 0.483198 -0.148462 0 0
v -0.0271853 -0.0500935 0.381076 0 0
v -0.0496277 0.533513 -0.119017 0 0
v -0.0553339 0.132394 0.286656 0 0
v -0.010654 -0.312814 0.496992 0 0
v 0.00226145 -0.068082 0.44021 0 0
v -0.0453827 -0.134194 0.518826 0 0
v -0.0232154 0.594498 -0.154739 0 0
v 0.0118239 0.552111 -0.156624 0 0
v 0.00869047 -0.23833 0.479058 0 0
v -0.0161984 -0.380368 0.451815 0 0
v -0.0422594 -0.420878 0.480103 0 0
v -0.00116803 -0.398046 0.42771 0 0
v 0.0168891 0.396385 -0.0838794 0 0
v -0.0137092 0.0853848 0.323423 0 0
v -0.0402357 -0.380923 0.451817 0 0
v -0.00396096 0.159054 0.203126 0 0
v -0.0248998 0.135268 0.221366 0 0
v 0.00497261 -0.273507 0.492889 0 0
v 0.00724225 -0.104067 0.454603 0 0
v 0.0280942 -0.335205 0.479423 0 0
v 0.0162191 -0.493469 0.437314 0 0
v -0.0118635 0.0782392 0.325022 0 0
v 0.00139656 -0.140211 0.481363 0 0
v 0.0316011 -0.241103 0.504903 0 0
v -0.0113009 0.113883 0.262456 0 0
v -0.00573827 -0.320219 0.468816 0 0
v -0.00331424 -0.477466 0.459181 0 0
v -0.0212348 0.567237 -0.13324 0 0
v -0.0354587 0.0720923 0.313344 0 0
v 0.00665352 0.0557214 0.322737 0 0
v -0.00886985 -0.342175 0.515466 0 0
v 0.0202192 -0.362781 0.456502 0 0
v -0.0541241 -0.474839 0.445632 0 0
v -0.0137182 -0.488075 0.463573 0 0
v -0.0237326 -0.127541 0.436296 0 0
v -0.0211146 -0.213534 0.497405 0 0
v 0.00282239 -0.279254 0.484401 0 0
v 0.0401924 0.486082 -0.138676 0 0
v 0.00952 0.133416 0.194498 0 0
v -0.0131243 -0.064533 0.413069 0 0
v -0.044528 -0.175728 0.488005 0 0
v -0.00401668 -0.205563 0.530352 0 0
v 0.0341546 -0.416068 0.479967 0 0
v 0.00667538 -0.447585 0.458439 0 0
v -0.0267701 0.506708 -0.176181 0 0
v -0.0199656 0.471448 -0.11669 0 0
v 0.000557413 -0.162928 0.523282 0 0
v 0.000284464 -0.180883 0.509159 0 0
v 0.00131989 -0.229616 0.519077 0 0
v 0.0405089 0.0435373 0.369227 0 0
v -0.0118481 0.0550613 0.350364 0 0
v -0.010951 -0.0938015 0.44709 0 0
v -0.00291121 -0.350866 0.450487 0 0
v -0.0120539 -0.598563 0.485925 0 0
v 0.0200241 -0.263427 0.462598 0 0
v -0.0112165 -0.323338 0.480461 0 0
v 0.00274305 0.0999474 0.273124 0 0
v 0.00050752 -0.309246 0.45443 0 0
v 0.0340403 -0.379634 0.483861 0 0
v 0.0145309 0.403659 -0.123349 0 0
v 0.00850058 0.543866 -0.148036 0 0
v -0.00452864 0.0314682 0.300236 0 0
v 0.00355372 -0.202893 0.505919 0 0
v -0.00608705 -0.261809 0.519228 0 0
v 0.02652 -0.500359 0.427976 0 0
v 0.0151695 0.573048 -0.152232 0 0
v 0.0168329 0.0856143 0.324619 0 0
v 0.037926 -0.192963 0.508074 0 0
v -0.00661866 -0.277843 0.510991 0 0
v 0.0168598 0.108846 0.274622 0 0
v 0.0126612 -0.158938 0.482604 0 0
v 0.0237471 -0.498313 0.478562 0 0
v 0.0602584 0.150032 0.257225 0 0
v 0.0121455 -0.0229705 0.37078 0 0
v -0.0138567 -0.478497 0.465049 0 0
v 0.0102792 -0.495284 0.473285 0 0
v 5.28991e-07 0.00907253 0.353165 0 0
v 0.0358979 -0.124545 0.48665 0 0
v 0.0113915 -0.334535 0.476901 0 0
v 0.0439386 -0.439852 0.429826 0 0
v -0.0130268 0.561326 -0.186494 0 0
v 0.016738 -0.0215405 0.351791 0 0
v 0.0210881 -0.109166 0.438291 0 0
v -0.0201615 -0.221068 0.497211 0 0
v 0.00846589 -0.457064 0.474899 0 0
v 0.00447804 -0.526062 0.497866 0 0
v 0.0236964 0.517313 -0.202972 0 0
v 0.0363732 0.464098 -0.173626 0 0
v 0.0217194 -0.182222 0.501368 0 0
v 0.0177559 -0.421645 0.484386 0 0
v -0.0374712 0.456947 -0.0967334 0 0
v 0.00636167 0.436824 -0.0869651 0 0
v 0.0162581 -0.213573 0.496057 0 0
v -0.0227227 -0.31488 0.5058 0 0
v 0.0201006 -0.369814 0.517975 0 0
v 0.0218403 -0.499856 0.435158 0 0
v 0.0307474 0.571276 -0.169721 0 0
v -0.0197837 0.0517158 0.358573 0 0
v 0.0309024 -0.109744 0.487861 0 0
v 0.0142827 -0.165074 0.493938 0 0
v 0.00535124 -0.498008 0.434811 0 0
v 0.0485261 -0.557331 0.461889 0 0
v -0.0296755 0.140234 0.305094 0 0
v 0.0196868 -0.126104 0.471405 0 0
v 0.0234398 -0.191354 0.510506 0 0
v 0.00574724 -0.267231 0.488068 0 0
v 0.0304225 -0.303151 0.490051 0 0
v -0.0110728 -0.539688 0.517141 0 0
v 0.0561365 0.487262 -0.172848 0 0
v 0.0301033 0.00734821 0.363127 0 0
v 0.0303959 -0.0970605 0.480355 0 0
v 0.01996 -0.164431 0.491991 0 0
v 0.0427413 -0.231168 0.506745 0 0
v 0.0203721 -0.562168 0.452139 0 0
v 0.00501552 -0.592707 0.476628 0 0
v -0.0129277 0.522799 -0.170944 0 0
v 0.0272643 0.079096 0.307208 0 0
v 0.0191708 0.0363278 0.380833 0 0
v 0.0111434 -0.0744892 0.500368 0 0
v 0.0286272 -0.224434 0.47015 0 0
v 0.0228968 -0.216422 0.470261 0 0
v 0.0337996 -0.422058 0.437043 0 0
v 0.0443436 0.146736 0.195893 0 0
v 0.0460356 -0.0344407 0.344944 0 0
v 0.0203587 -0.263698 0.483031 0 0
v 0.0388215 0.460335 -0.144751 0 0
v 0.0172777 -0.185627 0.502059 0 0
v -0.0177589 -0.514754 0.42424 0 0
v 0.046322 0.101362 0.309613 0 0
v 0.073378 -0.0914036 0.495299 0 0
v 0.0576147 -0.150544 0.491878 0 0
v 0.0539416 -0.271579 0.499373 0 0
v 0.0496744 -0.334356 0.501557 0 0
v 0.0164855 0.475945 -0.189525 0 0
v 0.0612019 0.0684177 0.343613 0 0
v 0.0221531 -0.0465701 0.364342 0 0
v 0.0265825 -0.0488094 0.384132 0 0
v 0.0415526 -0.122374 0.503668 0 0
v 0.0338648 -0.256718 0.48649 0 0
v 0.0389419 -0.34146 0.486841 0 0
v 0.0418877 0.484556 -0.127043 0 0
v 0.0503982 -0.43534 0.428174 0 0
v 0.0369435 0.588257 -0.254233 0 0
v 0.0464649 0.105645 0.278981 0 0
v 0.0682871 0.0629702 0.331563 0 0
v -0.0133186 -0.108996 0.475669 0 0
v 0.0408025 -0.213529 0.488742 0 0
v 0.0571377 -0.265292 0.48643 0 0
v 0.0110836 0.0193236 0.375545 0 0
v 0.0200141 -0.135096 0.466904 0 0
v 0.0315578 -0.467271 0.439518 0 0
v 0.0555354 0.147244 0.300179 0 0
v 0.0464397 0.105419 0.297549 0 0
v 0.0200184 -0.0795118 0.357149 0 0
v 0.0348412 -0.260381 0.509978 0 0
v 0.0245056 -0.400713 0.508115 0 0
v 0.069855 -0.467254 0.489077 0 0
v 0.0434097 0.126446 0.268205 0 0
v 0.0614484 0.0754588 0.289445 0 0
v 0.0485643 -0.217093 0.49119 0 0
v 0.0105355 -0.494953 0.467676 0 0
v 0.0151154 -0.524654 0.472788 0 0
v 0.0302725 -0.0200455 0.384853 0 0
v 0.0505682 -0.092548 0.465513 0 0
v 0.0368399 -0.116075 0.47398 0 0
v 0.0811068 -0.163471 0.493758 0 0
v 0.0308725 -0.298981 0.479874 0 0
v 0.0566195 -0.389867 0.474563 0 0
v 0.00902127 -0.597939 0.45842 0 0
v 0.0418771 -0.0734752 0.422818 0 0
v 0.0479612 -0.564635 0.441033 0 0
v 0.0632953 0.453439 -0.177207 0 0
v 0.0481546 -0.254451 0.510719 0 0
v 0.0516656 -0.239275 0.486906 0 0
v 0.0556659 -0.376558 0.504371 0 0
v 0.040717 0.429998 -0.131451 0 0
v 0.0405224 -0.502346 0.48045 0 0
v 0.088727 0.459421 -0.159463 0 0
v 0.0448638 0.113593 0.250048 0 0
v 0.0436376 -0.286349 0.492972 0 0
v 0.0258104 -0.543183 0.484363 0 0
v 0.0464538 -0.00947977 0.438756 0 0
v 0.04689 -0.0753316 0.472248 0 0
v 0.0359772 -0.480129 0.452737 0 0
v 0.0261108 0.0323287 0.345259 0 0
v 0.0327094 -0.240212 0.490122 0 0
v 0.071455 -0.312586 0.52095 0 0
v 0.021794 -0.511041 0.417095 0 0
v 0.0919164 0.123763 0.267467 0 0
v 0.0589521 -0.0751921 0.44654 0 0
v 0.0641747 -0.466481 0.447837 0 0
v 0.0384687 -0.501058 0.454411 0 0
v 0.0782093 -0.570383 0.459492 0 0
v 0.0538338 -0.591424 0.452489 0 0
v 0.0675909 -0.165061 0.513877 0 0
v 0.0382464 -0.542769 0.460037 0 0
v 0.0152311 -0.227362 0.510608 0 0
v 0.0589642 -0.0203537 0.380023 0 0
v 0.0686683 -0.132939 0.51051 0 0
v 0.0878144 -0.0802323 0.454001 0 0
v 0.0330259 -0.0287487 0.376783 0 0
v 0.0681211 -0.500919 0.433999 0 0
v 0.0396231 -0.129447 0.429932 0 0
v 0.0426871 -0.150594 0.498675 0 0
v 0.0616864 -0.177703 0.480527 0 0
v 0.10277 -0.362948 0.495808 0 0
v 0.0951591 -0.514912 0.455238 0 0
v 0.0388948 -0.19671 0.528978 0 0
v 0.0284561 -0.321668 0.523023 0 0
v 0.0741421 -0.0397953 0.386199 0 0
v 0.0654932 -0.377477 0.483553 0 0
v 0.0312695 -0.0538654 0.358995 0 0
v 0.0651524 -0.0638209 0.436029 0 0
v 0.0613984 -0.519654 0.451166 0 0
v 0.0502344 -0.560391 0.437817 0 0
v 0.0738695 -0.227919 0.487828 0 0
v 0.0973033 -0.482285 0.479575 0 0
v 0.0678582 -0.500629 0.450146 0 0
v 0.0613707 0.126589 0.29882 0 0
v 0.0425811 -0.277195 0.483964 0 0
v 0.0448515 -0.381884 0.509072 0 0
v 0.066763 0.0829436 0.365335 0 0
v 0.106355 -0.553203 0.465308 0 0
v 0.0760589 -0.0268036 0.342931 0 0
v 0.0951978 0.146015 0.270511 0 0
v 0.0435032 -0.00214178 0.371702 0 0
v 0.0526418 -0.239809 0.489538 0 0
v 0.0421684 -0.323557 0.487735 0 0
v 0.062102 -0.330056 0.468337 0 0
v 0.0474269 -0.549547 0.476334 0 0
v 0.0808219 -0.0499844 0.370358 0 0
v 0.0796766 -0.397113 0.492281 0 0
v 0.094474 -0.0843433 0.399518 0 0
v 0.0560876 -0.245049 0.513638 0 0
v 0.0528693 -0.247168 0.52185 0 0
v 0.0845566 -0.303712 0.509564 0 0
v 0.101319 -0.465461 0.494669 0 0
v 0.0843834 -0.342973 0.513875 0 0
v 0.0741216 -0.439635 0.466074 0 0
v 0.0580061 -0.0822873 0.397734 0 0
v 0.102625 -0.264632 0.526618 0 0
v 0.0529474 -0.41019 0.509074 0 0
v 0.0785342 -0.0241187 0.436657 0 0
v 0.093645 -0.13228 0.518824 0 0
v 0.0885753 -0.231885 0.49072 0 0
v 0.111873 -0.392297 0.478362 0 0
v 0.0830337 0.0684087 0.342932 0 0
v 0.0986056 0.070374 0.325526 0 0
v 0.135431 0.0446468 0.349033 0 0
v 0.10908 -0.0207449 0.397248 0 0
v 0.0874986 -0.171508 0.497013 0 0
v 0.0803195 -0.280142 0.503849 0 0
v 0.0893325 -0.289791 0.479131 0 0
v 0.0760799 -0.315498 0.501437 0 0
v 0.0556638 -0.370903 0.445201 0 0
v 0.118677 -0.438796 0.530357 0 0
v 0.0737778 -0.136329 0.522866 0 0
v 0.071276 -0.206451 0.479 0 0
v 0.068143 -0.29353 0.525613 0 0
v 0.10627 -0.142655 0.489151 0 0
v 0.0995044 -0.241935 0.508184 0 0
v 0.0953161 -0.428463 0.491427 0 0
v 0.0830778 0.0177727 0.368202 0 0
v 0.0839561 -0.392489 0.496146 0 0
v 0.115613 -0.508056 0.477667 0 0
v 0.101338 -0.535653 0.478023 0 0
v 0.106874 0.129705 0.258706 0 0
v 0.0390331 0.0396864 0.318893 0 0
v 0.0859037 0.0712688 0.300212 0 0
v 0.0571822 -0.283575 0.498248 0 0
v 0.118946 -0.548193 0.412207 0 0
v 0.118135 0.111516 0.30668 0 0
v 0.120715 -0.0177315 0.362469 0 0
v 0.0909983 -0.0700881 0.348882 0 0
v 0.0824579 -0.0210747 0.420478 0 0
v 0.118564 -0.217431 0.514069 0 0
v 0.057763 -0.284887 0.571137 0 0
v 0.0778498 -0.570895 0.457288 0 0
v 0.107053 0.0551734 0.373561 0 0
v 0.0878809 0.0403857 0.380763 0 0
v 0.0714066 -0.159928 0.485208 0 0
v 0.0919589 0.0826286 0.281828 0 0
v 0.102233 0.0532728 0.322292 0 0
v 0.108648 0.0792149 0.333066 0 0
v 0.103386 -0.302762 0.511312 0 0
v 0.0888297 -0.608729 0.460163 0 0
v 0.0667446 0.145715 0.30318 0 0
v 0.113649 -0.462058 0.430571 0 0
v 0.0792007 -0.535817 0.488894 0 0
v 0.125298 -0.303249 0.477453 0 0
v 0.0931531 -0.10093 0.495683 0 0
v 0.0893307 0.0195903 0.336123 0 0
v 0.142478 -0.137133 0.504411 0 0
v 0.0712985 -0.0343217 0.376209 0 0
v 0.143646 -0.0299642 0.412762 0 0
v 0.0855153 -0.24089 0.533203 0 0
v 0.0681077 -0.241492 0.531442 0 0
v 0.0446554 -0.560643 0.44513 0 0
v 0.131174 0.11967 0.254921 0 0
v 0.0677634 -0.072311 0.429904 0 0
v 0.102958 -0.0982379 0.49518 0 0
v 0.0864502 -0.190852 0.481551 0 0
v 0.120156 -0.338899 0.503298 0 0
v 0.0797954 -0.421919 0.507774 0 0
v 0.114794 -0.558894 0.468872 0 0
v 0.10461 -0.193033 0.476204 0 0
v 0.0764101 -0.390738 0.51278 0 0
v 0.0747406 -0.156166 0.526899 0 0
v 0.125576 -0.177829 0.504423 0 0
v 0.125474 -0.399168 0.514044 0 0
v 0.119791 0.0387352 0.355545 0 0
v 0.0785959 -0.348903 0.473973 0 0
v 0.0578236 0.0788813 0.324081 0 0
v 0.119378 -0.283322 0.478727 0 0
v 0.11283 -0.336496 0.506668 0 0
v 0.10822 -0.364514 0.524903 0 0
v 0.143075 -0.445006 0.502846 0 0
v 0.134449 -0.551574 0.407783 0 0
v 0.110819 0.101811 0.3246 0 0
v 0.158712 0.0596224 0.36827 0 0
v 0.108715 -0.14651 0.498005 0 0
v 0.108261 -0.117545 0.495031 0 0
v 0.099473 -0.449711 0.482721 0 0
v 0.117753 0.144169 0.275605 0 0
v 0.136129 -0.105199 0.488948 0 0
v 0.104011 -0.270091 0.495685 0 0
v 0.0832908 -0.391332 0.481046 0 0
v 0.109731 -0.538973 0.449375 0 0
v 0.0919773 -0.184671 0.471336 0 0
v 0.112678 -0.246945 0.566637 0 0
v 0.100431 -0.344402 0.498244 0 0
v 0.0998785 -0.448393 0.492726 0 0
v 0.0911276 -0.439891 0.510537 0 0
v 0.133868 -0.499621 0.4208 0 0
v 0.102703 0.0346379 0.374989 0 0
v 0.0776104 -0.102165 0.48763 0 0
v 0.108631 -0.149168 0.521858 0 0
v 0.100417 -0.294532 0.505643 0 0
v 0.102383 -0.330007 0.489297 0 0
v 0.070332 -0.36168 0.5117 0 0
v 0.0866754 -0.48276 0.496368 0 0
v 0.136705 0.0420524 0.318954 0 0
v 0.128574 0.0688624 0.384702 0 0
v 0.122354 -0.470026 0.4723 0 0
v 0.089484 -0.459189 0.520172 0 0
v 0.0925683 -0.478087 0.457218 0 0
v 0.133291 -0.12544 0.457193 0 0
v 0.0872604 -0.414936 0.476673 0 0
v 0.070909 -0.477228 0.410799 0 0
v 0.151919 0.00225338 0.362468 0 0
v 0.144022 -0.157686 0.528636 0 0
v 0.114587 -0.233598 0.478345 0 0
v 0.101802 -0.322167 0.534109 0 0
v 0.106198 -0.43118 0.483328 0 0
v 0.116616 -0.0414531 0.382127 0 0
v 0.11538 -0.103072 0.470992 0 0
v 0.0947455 -0.278484 0.533393 0 0
v 0.141543 -0.21805 0.496706 0 0
v 0.172547 0.122771 0.30575 0 0
v 0.123142 -0.0880333 0.489078 0 0
v 0.142838 -0.531433 0.415178 0 0
v 0.0966749 -0.340639 0.499266 0 0
v 0.118584 -0.53111 0.423885 0 0
v 0.113223 -0.155307 0.462174 0 0
v 0.100742 -0.43802 0.497984 0 0
v 0.155114 -0.0686976 0.469722 0 0
v 0.111044 -0.0511594 0.388526 0 0
v 0.145022 -0.139147 0.452937 0 0
v 0.136261 -0.162484 0.458064 0 0
v 0.0723132 -0.582773 0.433885 0 0
v 0.123363 0.130882 0.299428 0 0
v 0.114945 -0.00127246 0.379942 0 0
v 0.117921 -0.0228887 0.37211 0 0
v 0.114762 -0.501945 0.439242 0 0
v 0.139798 -0.51002 0.422368 0 0
v 0.113435 0.0409116 0.359389 0 0
v 0.115072 -0.0986969 0.469619 0 0
v 0.151032 -0.213945 0.489105 0 0
v 0.102505 -0.302506 0.511761 0 0
v 0.104321 -0.320576 0.510404 0 0
v 0.156317 -0.348762 0.513837 0 0
v 0.145426 -0.248677 0.508152 0 0
v 0.111433 -0.31128 0.554917 0 0
v 0.146242 0.0491682 0.379254 0 0
v 0.132388 -0.242572 0.501763 0 0
v 0.130066 -0.25353 0.520474 0 0
v 0.121774 0.0688421 0.281932 0 0
v 0.15793 0.141392 0.30412 0 0
v 0.136508 -0.255631 0.535474 0 0
v 0.111909 -0.447502 0.501994 0 0
v 0.124798 -0.522586 0.457181 0 0
v 0.112072 -0.568784 0.449304 0 0
v 0.12918 -0.28835 0.514853 0 0
v 0.157932 0.129389 0.241726 0 0
v 0.139307 -0.190632 0.484913 0 0
v 0.115009 -0.249832 0.51788 0 0
v 0.137849 -0.278031 0.458338 0 0
v 0.123716 -0.320477 0.506264 0 0
v 0.150031 -0.0163994 0.373547 0 0
v 0.0705868 -0.164443 0.480363 0 0
v 0.101834 -0.239966 0.485997 0 0
v 0.107132 -0.330993 0.505418 0 0
v 0.134679 -0.151247 0.478304 0 0
v 0.126591 -0.134259 0.508867 0 0
v 0.132408 -0.0234856 0.360925 0 0
v 0.137597 -0.0981391 0.44637 0 0
v 0.123908 -0.0698466 0.491858 0 0
v 0.129062 -0.188038 0.487734 0 0
v 0.137438 0.0335549 0.319216 0 0
v 0.142952 0.0349207 0.365531 0 0
v 0.150217 -0.428498 0.467403 0 0
v 0.140351 0.164549 0.232694 0 0
v 0.124203 -0.0762665 0.469148 0 0
v 0.12468 0.0769333 0.340076 0 0
v 0.153046 -0.541375 0.427722 0 0
v 0.132517 -0.374879 0.534014 0 0
v 0.107269 -0.0315632 0.3624 0 0
v 0.125098 -0.253847 0.517737 0 0
v 0.152761 -0.28306 0.496255 0 0
v 0.151268 -0.359618 0.508555 0 0
v 0.188908 -0.344751 0.486038 0 0
v 0.114408 -0.466078 0.520683 0 0
v 0.179272 0.0624221 0.344962 0 0
v 0.134615 -0.136535 0.440734 0 0
v 0.1092 -0.355797 0.507913 0 0
v 0.122061 -0.401552 0.468282 0 0
v 0.167443 -0.378345 0.509376 0 0
v 0.0947505 -0.450991 0.488356 0 0
v 0.130778 -0.488018 0.443842 0 0
v 0.176978 0.147495 0.285167 0 0
v 0.137482 0.0880232 0.278764 0 0
v 0.178794 0.0719307 0.332164 0 0
v 0.133867 -0.367147 0.494771 0 0
v 0.139015 0.114341 0.273205 0 0
v 0.14902 0.0177058 0.336243 0 0
v 0.193455 -0.0468937 0.375173 0 0
v 0.140186 -0.104113 0.448409 0 0
v 0.167036 -0.369443 0.552764 0 0
v 0.195158 0.179321 0.202953 0 0
v 0.158218 0.179608 0.244976 0 0
v 0.146531 0.109133 0.268547 0 0
v 0.112194 -0.353983 0.504853 0 0
v 0.152508 -0.461543 0.475197 0 0
v 0.13907 -0.0574824 0.363512 0 0
v 0.157282 -0.386979 0.481086 0 0
v 0.193154 0.139505 0.286531 0 0
v 0.17569 0.152159 0.28852 0 0
v 0.171338 -0.221039 0.537644 0 0
v 0.133203 -0.312847 0.487078 0 0
v 0.160297 -0.299628 0.479254 0 0
v 0.147346 -0.567128 0.457952 0 0
v 0.121445 -0.0244373 0.357243 0 0
v 0.171051 -0.0530663 0.362463 0 0
v 0.156697 -0.153125 0.47815 0 0
v 0.116666 -0.258148 0.497104 0 0
v 0.15367 -0.427623 0.487758 0 0
v 0.135754 -0.58663 0.417593 0 0
v 0.136852 -0.159116 0.507873 0 0
v 0.16152 -0.30676 0.518923 0 0
v 0.155864 -0.515435 0.41788 0 0
v 0.134782 0.0955351 0.303689 0 0
v 0.116063 -0.225867 0.510547 0 0
v 0.145787 -0.0065454 0.396978 0 0
v 0.175887 -0.106611 0.450099 0 0
v 0.189001 -0.137441 0.481733 0 0
v 0.182223 -0.526663 0.440764 0 0
v 0.161472 -0.238447 0.511824 0 0
v 0.152897 -0.243424 0.487072 0 0
v 0.149946 -0.00756036 0.335957 0 0
v 0.11606 0.00123683 0.381583 0 0
v 0.171632 -0.264735 0.505759 0 0
v 0.19424 0.129675 0.273601 0 0
v 0.157187 -0.180418 0.46301 0 0
v 0.114867 -0.30783 0.510956 0 0
v 0.174211 0.0777551 0.319834 0 0
v 0.17069 0.061113 0.352879 0 0
v 0.155514 -0.0217254 0.376783 0 0
v 0.151524 -0.100136 0.458916 0 0
v 0.163711 -0.100989 0.471674 0 0
v 0.11428 -0.393617 0.519463 0 0
v 0.171561 -0.130534 0.478738 0 0
v 0.16772 -0.337975 0.520868 0 0
v 0.167501 -0.424987 0.488211 0 0
v 0.209088 -0.0305145 0.40748 0 0
v 0.16283 -0.0702617 0.432575 0 0
v 0.178075 -0.299707 0.506932 0 0
v 0.172841 -0.360913 0.522687 0 0
v 0.169859 0.106089 0.302809 0 0
v 0.160668 -0.27614 0.482844 0 0
v 0.185123 -0.249476 0.440571 0 0
v 0.174333 -0.376287 0.4766 0 0
v 0.18589 0.155279 0.290613 0 0
v 0.145837 -0.246029 0.487809 0 0
v 0.171952 -0.257384 0.501706 0 0
v 0.168692 -0.38512 0.478683 0 0
v 0.169396 -0.529447 0.409183 0 0
v 0.172851 -0.417447 0.469162 0 0
v 0.193741 -0.203277 0.506089 0 0
v 0.141744 -0.163812 0.498271 0 0
v 0.157724 0.0284562 0.342613 0 0
v 0.194012 -0.0733414 0.382802 0 0
v 0.204441 -0.297339 0.488064 0 0
v 0.158591 -0.392863 0.524286 0 0
v 0.174484 -0.528217 0.460744 0 0
v 0.184226 0.0559843 0.347584 0 0
v 0.171295 -0.139999 0.506084 0 0
v 0.198624 0.152505 0.219022 0 0
v 0.156534 -0.30188 0.516822 0 0
v 0.172909 -0.363561 0.507655 0 0
v 0.147883 -0.54859 0.436817 0 0
v 0.123168 -0.347979 0.530436 0 0
v 0.196063 -0.552383 0.458742 0 0
v 0.197158 -0.556005 0.444811 0 0
v 0.200869 -0.0344697 0.367481 0 0
v 0.205444 -0.0947929 0.406014 0 0
v 0.160463 -0.13366 0.452563 0 0
v 0.168776 -0.239831 0.528766 0 0
v 0.194536 0.121221 0.259303 0 0
v 0.189741 0.0454261 0.342582 0 0
v 0.200652 -0.220471 0.493361 0 0
v 0.193133 0.053285 0.346794 0 0
v 0.165722 0.0115871 0.371886 0 0
v 0.176478 0.0110183 0.318694 0 0
v 0.19765 -0.0956135 0.449981 0 0
v 0.173181 -0.143188 0.480509 0 0
v 0.158011 -0.227022 0.487828 0 0
v 0.163785 -0.467868 0.468746 0 0
v 0.181368 -0.587532 0.410212 0 0
v 0.211513 -0.403714 0.482937 0 0
v 0.213978 -0.539759 0.402716 0 0
v 0.180699 0.129802 0.291836 0 0
v 0.205053 -0.0595277 0.415679 0 0
v 0.161103 -0.190758 0.46405 0 0
v 0.215655 -0.186576 0.528387 0 0
v 0.201651 -0.44123 0.509485 0 0
v 0.155916 -0.4435 0.451016 0 0
v 0.190482 -0.458846 0.459705 0 0
v 0.195334 0.169206 0.284584 0 0
v 0.165564 -0.150982 0.513988 0 0
v 0.18271 -0.356108 0.487674 0 0
v 0.172301 -0.327583 0.50393 0 0
v 0.19745 0.0303014 0.338366 0 0
v 0.202902 -0.187728 0.486115 0 0
v 0.194095 -0.468195 0.453957 0 0
v 0.21146 -0.571385 0.416991 0 0
v 0.219712 0.136655 0.253925 0 0
v 0.192963 0.0723305 0.358235 0 0
v 0.176986 -0.0387053 0.359152 0 0
v 0.173247 -0.198192 0.50373 0 0
v 0.177267 -0.388068 0.520565 0 0
v 0.209799 -0.544095 0.43384 0 0
v 0.158498 -0.454215 0.516751 0 0
v 0.138517 -0.491457 0.444196 0 0
v 0.196334 -0.0204149 0.373537 0 0
v 0.269248 0.0570737 0.304025 0 0
v 0.166543 -0.147478 0.493748 0 0
v 0.20795 -0.238873 0.484739 0 0
v 0.145324 -0.344944 0.494558 0 0
v 0.250354 0.0973808 0.339017 0 0
v 0.216639 0.0583477 0.309066 0 0
v 0.160536 -0.178834 0.5135 0 0
v 0.194535 -0.170969 0.474576 0 0
v 0.210697 -0.169698 0.486691 0 0
v 0.205416 -0.260774 0.523364 0 0
v 0.204616 -0.372404 0.50757 0 0
v 0.199837 -0.0641723 0.433821 0 0
v 0.183688 -0.405419 0.451153 0 0
v 0.182382 -0.0179142 0.400598 0 0
v 0.205216 -0.427747 0.492145 0 0
v 0.189254 -0.530673 0.4493 0 0
v 0.160211 -0.584266 0.417098 0 0
v 0.176529 0.0342047 0.327559 0 0
v 0.213418 -0.0516126 0.372495 0 0
v 0.201548 0.0315479 0.35912 0 0
v 0.182072 -0.139064 0.495652 0 0
v 0.177815 -0.147552 0.478211 0 0
v 0.158564 -0.343397 0.482582 0 0
v 0.22362 0.118265 0.257417 0 0
v 0.191597 -0.103833 0.433609 0 0
v 0.197591 -0.139202 0.485507 0 0
v 0.203674 -0.556901 0.410498 0 0
v 0.231405 0.0289303 0.341998 0 0
v 0.183587 -0.46281 0.473045 0 0
v 0.193546 -0.449803 0.477406 0 0
v 0.203031 -0.472182 0.448342 0 0
v 0.24497 -0.0600918 0.436787 0 0
v 0.225222 -0.160652 0.478222 0 0
v 0.176257 -0.389624 0.473547 0 0
v 0.227102 -0.0403417 0.366118 0 0
v 0.216382 -0.0534807 0.391115 0 0
v 0.206705 -0.0857527 0.446308 0 0
v 0.198452 -0.30495 0.52706 0 0
v 0.187339 -0.466691 0.407479 0 0
v 0.210923 -0.539661 0.445319 0 0
v 0.224348 0.0162451 0.329906 0 0
v 0.185975 -0.399976 0.481247 0 0
v 0.216589 -0.0984298 0.469201 0 0
v 0.219491 -0.252142 0.496277 0 0
v 0.25487 0.162265 0.253673 0 0
v 0.206729 -0.148326 0.444806 0 0
v 0.235478 -0.278569 0.495337 0 0
v 0.234671 0.193523 0.1847 0 0
v 0.24025 0.0808095 0.291066 0 0
v 0.245955 -0.257809 0.503449 0 0
v 0.164379 -0.299215 0.487693 0 0
v 0.227578 0.111422 0.316077 0 0
v 0.235273 -0.129137 0.440356 0 0
v 0.199445 -0.323143 0.519037 0 0
v 0.179198 -0.561452 0.442456 0 0
v 0.220605 -0.0236267 0.422189 0 0
v 0.21151 -0.316368 0.525383 0 0
v 0.194279 -0.457989 0.43181 0 0
v 0.188866 -0.088832 0.428677 0 0
v 0.217198 0.0642024 0.299744 0 0
v 0.232377 -0.0414668 0.43227 0 0
v 0.222853 -0.156451 0.476912 0 0
v 0.190158 -0.297201 0.503736 0 0
v 0.215251 -0.328272 0.430879 0 0
v 0.180674 -0.045457 0.4418 0 0
v 0.249672 -0.577546 0.433315 0 0
v 0.232585 -0.440741 0.456697 0 0
v 0.217468 -0.0667244 0.375427 0 0
v 0.234664 -0.416625 0.470453 0 0
v 0.259278 -0.556255 0.428833 0 0
v 0.250737 0.117674 0.330937 0 0
v 0.243306 -0.513522 0.42201 0 0
v 0.24686 -0.499499 0.416862 0 0
v 0.244354 0.0922102 0.291996 0 0
v 0.236522 0.0896741 0.291703 0 0
v 0.239604 0.0548184 0.295951 0 0
v 0.198128 -0.143572 0.460828 0 0
v 0.199656 -0.174298 0.477494 0 0
v 0.202978 -0.200678 0.469624 0 0
v 0.248347 -0.291788 0.464667 0 0
v 0.194467 -0.345854 0.503529 0 0
v 0.211298 -0.130668 0.460814 0 0
v 0.226629 -0.260168 0.474683 0 0
v 0.185551 -0.288731 0.495212 0 0
v 0.255071 -0.380124 0.486833 0 0
v 0.23881 -0.389173 0.486605 0 0
v 0.209571 -0.401525 0.470754 0 0
v 0.228054 -0.169919 0.484743 0 0
v 0.227198 -0.588108 0.423959 0 0
v 0.222569 -0.461275 0.484968 0 0
v 0.239285 -0.154367 0.474826 0 0
v 0.2218 -0.177487 0.487795 0 0
v 0.216087 -0.290941 0.48199 0 0
v 0.236227 -0.356328 0.487042 0 0
v 0.232028 -0.360324 0.461844 0 0
v 0.275157 0.0256971 0.346383 0 0
v 0.234517 -0.403909 0.479552 0 0
v 0.215327 -0.367019 0.468718 0 0
v 0.238362 -0.390045 0.479407 0 0
v 0.265795 0.100753 0.294312 0 0
v 0.23658 -0.0874014 0.394653 0 0
v 0.208854 -0.183609 0.461134 0 0
v 0.238724 -0.438625 0.463471 0 0
v 0.230169 -0.514659 0.420147 0 0
v 0.212309 -0.185014 0.43648 0 0
v 0.196712 -0.234208 0.455011 0 0
v 0.245652 -0.256631 0.482439 0 0
v 0.235605 -0.523795 0.441324 0 0
v 0.237497 -0.428265 0.455664 0 0
v 0.228119 -0.477173 0.447149 0 0
v 0.227958 -0.0808356 0.411323 0 0
v 0.232555 -0.144473 0.481595 0 0
v 0.229881 -0.264842 0.496545 0 0
v 0.252163 -0.415481 0.456914 0 0
v 0.247979 -0.0969642 0.432028 0 0
v 0.209515 -0.17653 0.435997 0 0
v 0.195565 -0.215115 0.486462 0 0
v 0.191761 -0.236638 0.455844 0 0
v 0.207717 -0.261963 0.429113 0 0
v 0.234745 -0.296693 0.484133 0 0
v 0.211026 -0.468374 0.462193 0 0
v 0.255415 -0.0692509 0.441592 0 0
v 0.287222 -0.0715644 0.396569 0 0
v 0.222941 -0.33732 0.462564 0 0
v 0.226239 -0.230331 0.476211 0 0
v 0.22875 -0.25788 0.507419 0 0
v 0.211971 -0.363104 0.460019 0 0
v 0.224672 -0.46963 0.462831 0 0
v 0.26977 -0.0287119 0.357315 0 0
v 0.262112 -0.0147054 0.404452 0 0
v 0.232406 -0.220442 0.470141 0 0
v 0.250247 -0.426886 0.425886 0 0
v 0.248865 -0.464216 0.402223 0 0
v 0.274415 -0.495157 0.40656 0 0
v 0.270193 0.0703163 0.323857 0 0
v 0.241493 -0.0956072 0.427407 0 0
v 0.288878 -0.166224 0.459764 0 0
v 0.277799 -0.536014 0.417219 0 0
v 0.28111 -0.0201456 0.366351 0 0
v 0.269532 -0.333393 0.466565 0 0
v 0.26037 -0.397602 0.461058 0 0
v 0.253158 -0.239428 0.47363 0 0
v 0.228426 -0.412838 0.453895 0 0
v 0.222495 -0.475751 0.401239 0 0
v 0.30208 0.164903 0.216971 0 0
v 0.250261 -0.0471589 0.382993 0 0
v 0.242713 -0.0829224 0.449759 0 0
v 0.27411 -0.051716 0.40244 0 0
v 0.235219 -0.149783 0.456415 0 0
v 0.23788 -0.407214 0.459583 0 0
v 0.229086 -0.550285 0.427332 0 0
v 0.228248 -0.568873 0.415455 0 0
v 0.243589 -0.565692 0.419849 0 0
v 0.251356 -0.462599 0.406229 0 0
v 0.212946 -0.553902 0.363973 0 0
v 0.250521 -0.407438 0.473675 0 0
v 0.248215 -0.414328 0.437579 0 0
v 0.256778 -0.581102 0.44412 0 0
v 0.265623 -0.596828 0.376011 0 0
v 0.25589 -0.341381 0.480865 0 0
v 0.287583 -0.104998 0.435602 0 0
v 0.258211 -0.204706 0.476345 0 0
v 0.298759 -0.593718 0.444283 0 0
v 0.224327 -0.151726 0.444718 0 0
v 0.292357 -0.353294 0.44174 0 0
v 0.276331 0.0509463 0.311157 0 0
v 0.289164 -0.0447725 0.408823 0 0
v 0.256047 -0.206821 0.461885 0 0
v 0.274561 -0.358365 0.441481 0 0
v 0.299718 0.0622213 0.315916 0 0
v 0.265176 -0.150656 0.471907 0 0
v 0.291228 -0.370787 0.481091 0 0
v 0.258132 -0.458138 0.403993 0 0
v 0.267119 -0.0378257 0.372198 0 0
v 0.252562 -0.372367 0.452129 0 0
v 0.246498 -0.430457 0.457361 0 0
v 0.263543 -0.0270212 0.35077 0 0
v 0.241535 -0.169425 0.439119 0 0
v 0.274717 -0.239644 0.516603 0 0
v 0.253266 -0.474061 0.429437 0 0
v 0.301926 -0.464307 0.427506 0 0
v 0.29509 0.0720224 0.288906 0 0
v 0.262792 -0.00616012 0.362928 0 0
v 0.285368 -0.0997816 0.378595 0 0
v 0.322331 -0.477762 0.383824 0 0
v 0.282562 -0.49501 0.381257 0 0
v 0.267782 -0.173552 0.459974 0 0
v 0.289759 -0.259956 0.483772 0 0
v 0.269932 -0.348699 0.452833 0 0
v 0.264466 -0.422479 0.43872 0 0
v 0.302317 -0.0640855 0.415529 0 0
v 0.231331 -0.116681 0.403847 0 0
v 0.260883 -0.157537 0.436139 0 0
v 0.286565 -0.167109 0.47835 0 0
v 0.281915 -0.571753 0.377313 0 0
v 0.278381 0.0828044 0.295265 0 0
v 0.259995 -0.35874 0.440826 0 0
v 0.261223 -0.243067 0.493654 0 0
v 0.273426 -0.356977 0.422914 0 0
v 0.27732 -0.333023 0.484182 0 0
v 0.241679 -0.290988 0.452665 0 0
v 0.269161 -0.472344 0.37808 0 0
v 0.280905 -0.00461323 0.336392 0 0
v 0.285464 -0.0178105 0.435754 0 0
v 0.263933 -0.188946 0.474018 0 0
v 0.293155 -0.299321 0.452036 0 0
v 0.34586 -0.037001 0.335478 0 0
v 0.310736 -0.102807 0.430569 0 0
v 0.298045 -0.560536 0.366819 0 0
v 0.280188 -0.30332 0.447182 0 0
v 0.283678 -0.385547 0.454502 0 0
v 0.296509 -0.391185 0.457671 0 0
v 0.292294 -0.416841 0.430216 0 0
v 0.235409 -0.198547 0.44248 0 0
v 0.299132 0.0389863 0.319758 0 0
v 0.323025 -0.279771 0.476036 0 0
v 0.286888 -0.399883 0.454749 0 0
v 0.337358 -0.54961 0.39701 0 0
v 0.250606 -0.0253494 0.358891 0 0
v 0.295288 -0.240805 0.457806 0 0
v 0.283604 -0.320809 0.460351 0 0
v 0.334617 -0.453345 0.371145 0 0
v 0.295481 -0.0351874 0.345389 0 0
v 0.261223 -0.157855 0.429429 0 0
v 0.32535 0.0250063 0.362635 0 0
v 0.266746 -0.0629022 0.425739 0 0
v 0.292455 -0.285953 0.489035 0 0
v 0.286173 -0.300555 0.429946 0 0
v 0.332117 -0.383027 0.424864 0 0
v 0.326071 0.0532102 0.314531 0 0
v 0.313701 0.0532151 0.315971 0 0
v 0.313985 -0.230553 0.447104 0 0
v 0.296698 -0.328526 0.42697 0 0
v 0.297171 -0.0677762 0.435593 0 0
v 0.294447 -0.352216 0.413671 0 0
v 0.296412 -0.401301 0.446302 0 0
v 0.326262 -0.0526987 0.407464 0 0
v 0.303055 -0.485717 0.362794 0 0
v 0.305444 -0.492684 0.353601 0 0
v 0.335022 0.0647827 0.269801 0 0
v 0.30348 -0.0884077 0.387871 0 0
v 0.269325 -0.299701 0.433036 0 0
v 0.27885 -0.11288 0.391825 0 0
v 0.289863 -0.393838 0.43766 0 0
v 0.338526 -0.00635456 0.336447 0 0
v 0.335798 -0.0139814 0.348202 0 0
v 0.291478 -0.30685 0.445077 0 0
v 0.280627 -0.328828 0.421133 0 0
v 0.332883 -0.0483967 0.374009 0 0
v 0.280601 -0.507963 0.432112 0 0
v 0.327156 -0.057844 0.332726 0 0
v 0.325926 -0.173574 0.388843 0 0
v 0.320246 -0.199647 0.444752 0 0
v 0.306586 -0.238789 0.487821 0 0
v 0.302851 -0.273142 0.440005 0 0
v 0.322171 -0.0353266 0.34364 0 0
v 0.341544 -0.037746 0.380447 0 0
v 0.28538 -0.159831 0.457061 0 0
v 0.274384 -0.281901 0.476978 0 0
v 0.329865 0.0699431 0.249869 0 0
v 0.361572 0.0350036 0.282468 0 0
v 0.331446 -0.0537051 0.373411 0 0
v 0.297239 -0.0522539 0.367048 0 0
v 0.312529 -0.0663689 0.354751 0 0
v 0.310566 -0.0850994 0.399474 0 0
v 0.312336 -0.289785 0.44537 0 0
v 0.302698 -0.331006 0.415752 0 0
v 0.315709 -0.481897 0.381278 0 0
v 0.355629 -0.0112288 0.32827 0 0
v 0.320558 -0.0804608 0.43012 0 0
v 0.317596 -0.169861 0.44302 0 0
v 0.316851 -0.193368 0.431574 0 0
v 0.291057 -0.407158 0.383226 0 0
v 0.336807 -0.538925 0.350663 0 0
v 0.349831 0.0536926 0.296279 0 0
v 0.279893 -0.235413 0.441 0 0
v 0.321884 -0.454212 0.374504 0 0
v 0.329973 -0.0341202 0.374687 0 0
v 0.314272 -0.0908593 0.402624 0 0
v 0.322839 -0.19817 0.433761 0 0
v 0.314573 -0.458829 0.373745 0 0
v 0.333587 -0.465555 0.366795 0 0
v 0.318322 -0.201436 0.437675 0 0
v 0.350621 0.0278488 0.302867 0 0
v 0.284702 -0.14911 0.400403 0 0
v 0.290724 -0.211726 0.406146 0 0
v 0.306209 -0.374587 0.43732 0 0
v 0.346433 -0.388893 0.398529 0 0
v 0.363232 0.0625761 0.233971 0 0
v 0.33964 -0.0910399 0.410358 0 0
v 0.297697 -0.285081 0.388425 0 0
v 0.330756 -0.191932 0.439879 0 0
v 0.352575 0.0999551 0.238473 0 0
v 0.29978 -0.0716578 0.379892 0 0
v 0.323694 -0.207614 0.437345 0 0
v 0.322607 -0.338014 0.3399 0 0
v 0.309918 -0.561331 0.368882 0 0
v 0.320481 -0.210794 0.425144 0 0
v 0.325671 -0.216539 0.428263 0 0
v 0.316507 -0.422635 0.392427 0 0
v 0.339262 -0.509771 0.350005 0 0
v 0.359989 -0.0252197 0.36814 0 0
v 0.358099 -0.10895 0.403406 0 0
v 0.338124 -0.222807 0.431992 0 0
v 0.311128 -0.224504 0.45813 0 0
v 0.306272 -0.272148 0.443914 0 0
v 0.325479 -0.234134 0.423339 0 0
v 0.338199 -0.262423 0.428685 0 0
v 0.319858 -0.327493 0.398625 0 0
v 0.341254 -0.44034 0.412222 0 0
v 0.326868 -0.483663 0.375836 0 0
v 0.317154 -0.336953 0.442361 0 0
v 0.322723 -0.207171 0.452909 0 0
v 0.306494 -0.360429 0.403126 0 0
v 0.335328 -0.143528 0.379642 0 0
v 0.36272 -0.318948 0.430178 0 0
v 0.311111 -0.175532 0.399377 0 0
v 0.329847 -0.436616 0.41753 0 0
v 0.329908 -0.419977 0.360082 0 0
v 0.360776 -0.611773 0.319674 0 0
v 0.34488 -0.437442 0.330948 0 0
v 0.386845 -0.560576 0.274629 0 0
v 0.428397 -0.571687 0.258638 0 0
v 0.37078 0.0253893 0.341945 0 0
v 0.374007 -0.140061 0.399564 0 0
v 0.385869 -0.563571 0.234628 0 0
v 0.380932 0.0873605 0.246498 0 0
v 0.378496 0.0339693 0.332471 0 0
v 0.351285 -0.432355 0.394512 0 0
v 0.337107 -0.0903746 0.363121 0 0
v 0.32432 -0.518538 0.32174 0 0
v 0.345583 -0.0692784 0.392399 0 0
v 0.358817 -0.139074 0.395588 0 0
v 0.3366 -0.174734 0.40864 0 0
v 0.336747 -0.389485 0.386486 0 0
v 0.361517 -0.268696 0.387626 0 0
v 0.376911 -0.0082373 0.304201 0 0
v 0.381467 -0.00486708 0.313285 0 0
v 0.325899 -0.498006 0.367765 0 0
v 0.339803 -0.14343 0.387387 0 0
v 0.354354 -0.38613 0.412598 0 0
v 0.386329 -0.552448 0.2979 0 0
v 0.399616 -0.0361585 0.357916 0 0
v 0.380057 -0.200282 0.400903 0 0
v 0.343569 -0.237658 0.398956 0 0
v 0.367797 -0.594788 0.282833 0 0
v 0.400362 -0.0338212 0.277253 0 0
v 0.328202 -0.218781 0.432968 0 0
v 0.356035 -0.281355 0.407664 0 0
v 0.358493 -0.438698 0.416439 0 0
v 0.39695 -0.0148706 0.277071 0 0
v 0.335972 -0.287067 0.423913 0 0
v 0.33694 -0.240417 0.41686 0 0
v 0.354765 -0.407963 0.372846 0 0
v 0.374504 -0.449771 0.353199 0 0
v 0.357357 -0.243338 0.418288 0 0
v 0.356532 -0.288309 0.409527 0 0
v 0.362602 -0.0354737 0.269684 0 0
v 0.39444 -0.245139 0.438518 0 0
v 0.378125 -0.250637 0.413609 0 0
v 0.334578 -0.275916 0.401762 0 0
v 0.378749 -0.0792963 0.328275 0 0
v 0.352396 -0.368904 0.394422 0 0
v 0.34802 -0.302354 0.389065 0 0
v 0.36806 -0.391155 0.422815 0 0
v 0.374544 -0.197735 0.399012 0 0
v 0.414994 -0.00382143 0.260926 0 0
v 0.417655 -0.0321987 0.32063 0 0
v 0.365959 -0.138423 0.377775 0 0
v 0.375942 -0.228048 0.392007 0 0
v 0.404454 -0.0111972 0.273481 0 0
v 0.417489 -0.491301 0.341578 0 0
v 0.369819 -0.483216 0.350527 0 0
v 0.389052 0.0549343 0.24622 0 0
v 0.376239 -0.00596374 0.27544 0 0
v 0.42034 0.00821492 0.265609 0 0
v 0.380142 -0.351389 0.404918 0 0
v 0.410406 -0.51331 0.332242 0 0
v 0.399731 -0.332385 0.386985 0 0
v 0.37221 -0.0987658 0.427862 0 0
v 0.380571 -0.254356 0.374533 0 0
v 0.392841 -0.289602 0.396756 0 0
v 0.369964 -0.339905 0.365363 0 0
v 0.3557 -0.0975099 0.361602 0 0
v 0.401162 -0.562446 0.278031 0 0
v 0.388535 -0.205266 0.387457 0 0
v 0.375078 -0.446577 0.359919 0 0
v 0.369107 -0.185212 0.435384 0 0
v 0.378673 -0.444687 0.374959 0 0
v 0.375236 -0.233208 0.385607 0 0
v 0.402083 -0.352413 0.373451 0 0
v 0.381845 -0.562344 0.310411 0 0
v 0.387689 -0.171717 0.35447 0 0
v 0.370769 -0.118686 0.373688 0 0
v 0.4088 -0.169191 0.34617 0 0
v 0.397467 -0.194663 0.415354 0 0
v 0.388099 -0.373662 0.370065 0 0
v 0.438518 -0.41613 0.384074 0 0
v 0.420191 -0.554245 0.313494 0 0
v 0.425169 -0.453598 0.325187 0 0
v 0.41708 -0.538145 0.292851 0 0
v 0.399482 -0.464328 0.288701 0 0
v 0.383739 -0.225994 0.370184 0 0
v 0.450205 0.000821667 0.272692 0 0
v 0.445743 -0.472098 0.33887 0 0
v 0.390257 -0.231707 0.386705 0 0
v 0.4067 -0.242243 0.377153 0 0
v 0.390179 -0.24876 0.410659 0 0
v 0.402106 -0.0958776 0.29304 0 0
v 0.411183 -0.320997 0.356805 0 0
v 0.389965 -0.400739 0.337917 0 0
v 0.39294 -0.470227 0.310481 0 0
v 0.376971 -0.0841442 0.361307 0 0
v 0.38973 -0.169578 0.363258 0 0
v 0.403008 -0.243673 0.385393 0 0
v 0.405917 -0.446588 0.377502 0 0
v 0.412204 -0.077348 0.270308 0 0
v 0.444229 -0.155059 0.340853 0 0
v 0.426573 -0.438506 0.325316 0 0
v 0.419462 -0.559993 0.27641 0 0
v 0.420247 -0.0800236 0.307652 0 0
v 0.4063 -0.23882 0.386778 0 0
v 0.382865 -0.334559 0.330555 0 0
v 0.440784 -0.473399 0.300351 0 0
v 0.456252 -0.0441187 0.246894 0 0
v 0.460252 -0.0606872 0.281528 0 0
v 0.442636 -0.119415 0.378405 0 0
v 0.361723 -0.303804 0.404235 0 0
v 0.443983 -0.301559 0.302689 0 0
v 0.404067 -0.0731655 0.294346 0 0
v 0.422414 -0.150827 0.405482 0 0
v 0.452661 -0.49485 0.316065 0 0
v 0.418201 -0.157102 0.372974 0 0
v 0.401615 -0.244005 0.351755 0 0
v 0.472279 -0.100075 0.302449 0 0
v 0.418054 -0.308868 0.340522 0 0
v 0.419235 -0.465018 0.307927 0 0
v 0.401214 -0.509109 0.289736 0 0
v 0.393424 -0.171029 0.35921 0 0
v 0.398505 -0.287898 0.355172 0 0
v 0.393575 -0.545903 0.304594 0 0
v 0.442403 -0.277782 0.342101 0 0
v 0.431202 -0.122245 0.334464 0 0
v 0.387643 -0.268539 0.378621 0 0
v 0.414517 -0.264364 0.364736 0 0
v 0.409727 -0.298564 0.330306 0 0
v 0.423642 -0.463063 0.307221 0 0
v 0.453551 -0.205201 0.352092 0 0
v 0.479776 -0.0507443 0.267944 0 0
v 0.382426 -0.334868 0.362794 0 0
v 0.433177 -0.529292 0.322704 0 0
v 0.452979 -0.175932 0.272101 0 0
v 0.430519 -0.378844 0.338967 0 0
v 0.419639 -0.487285 0.330108 0 0
v 0.431856 -0.282861 0.322492 0 0
v 0.39929 -0.135436 0.332266 0 0
v 0.444413 -0.414363 0.302578 0 0
v 0.476869 -0.498852 0.304195 0 0
v 0.393878 -0.494741 0.320435 0 0
v 0.427196 -0.112031 0.296438 0 0
v 0.456019 -0.506211 0.294096 0 0
v 0.443781 -0.242224 0.319515 0 0
v 0.453588 -0.291736 0.335999 0 0
v 0.450685 -0.343692 0.32814 0 0
v 0.433184 -0.411915 0.335505 0 0
v 0.471842 -0.509666 0.328932 0 0
v 0.454705 -0.12893 0.239989 0 0
v 0.454814 -0.334277 0.329174 0 0
v 0.474254 -0.202138 0.332943 0 0
v 0.47223 -0.268063 0.291201 0 0
v 0.422177 -0.47826 0.295537 0 0
v 0.450709 -0.193261 0.268539 0 0
v 0.443272 -0.250737 0.309887 0 0
v 0.417308 -0.291794 0.346155 0 0
v 0.468719 -0.390824 0.293217 0 0
v 0.465772 -0.524835 0.297357 0 0
v 0.435349 -0.368053 0.279767 0 0
v 0.505262 -0.227367 0.341148 0 0
v 0.395272 -0.317285 0.273573 0 0
v 0.465333 -0.411248 0.258385 0 0
v 0.480246 -0.138131 0.248899 0 0
v 0.477556 -0.477846 0.291405 0 0
v 0.49375 -0.439699 0.301924 0 0
v 0.469187 -0.427337 0.271217 0 0
v 0.416197 -0.504171 0.314077 0 0
v 0.489469 -0.352295 0.312107 0 0
v 0.472291 -0.361025 0.259752 0 0
v 0.470717 -0.509834 0.320103 0 0
v 0.473627 -0.324007 0.297163 0 0
v 0.487287 -0.341884 0.260853 0 0
v 0.490505 -0.358407 0.286687 0 0
v 0.522916 -0.244794 0.305365 0 0
v 0.450444 -0.496573 0.294561 0 0
v 0.471862 -0.503597 0.328641 0 0
v 0.507105 -0.495274 0.256132 0 0
v 0.501327 -0.297719 0.230229 0 0
v 0.471123 -0.340712 0.235753 0 0
v 0.473259 -0.418595 0.295523 0 0
v 0.489896 -0.389554 0.305891 0 0
v 0.468054 -0.491226 0.328712 0 0
v 0.506874 -0.459177 0.315101 0 0
v 0.495408 -0.51802 0.273377 0 0
v 0.550707 -0.312808 0.204958 0 0
v 0.492818 -0.448934 0.292208 0 0
v 0.477037 -0.422512 0.311475 0 0
v 0.527971 -0.339485 0.259316 0 0
v 0.505444 -0.484896 0.309086 0 0
v 0.497247 -0.399255 0.34241 0 0
v 0.501626 -0.460657 0.286746 0 0
v 0.466766 -0.455475 0.311814 0 0
v 0.492901 -0.3694 0.273819 0 0
v 0.531776 -0.387995 0.287683 0 0
v 0.49465 -0.455657 0.317846 0 0
v 0.554764 -0.340071 0.166091 0 0
v 0.502696 -0.423909 0.297507 0 0
v 0.506097 -0.528533 0.294256 0 0
v 0.466058 -0.323359 0.256 0 0
v 0.471721 -0.49511 0.298119 0 0
v 0.534701 -0.35899 0.265516 0 0
v 0.508806 -0.394872 0.314751 0 0
v 0.507746 -0.45882 0.326696 0 0
v 0.525846 -0.479496 0.265977 0 0
v 0.59022 -0.293264 0.130369 0 0
v 0.529637 -0.380991 0.269152 0 0
v 0.497123 -0.436117 0.281352 0 0
v 0.495375 -0.441751 0.272494 0 0
v 0.532658 -0.48589 0.3267 0 0
v 0.499025 -0.411085 0.310161 0 0
v 0.526351 -0.426527 0.310144 0 0
v 0.52186 -0.469806 0.270255 0 0
v 0.534584 -0.359601 0.315088 0 0
v 0.533419 -0.428147 0.315532 0 0
v 0.553551 -0.336864 0.23458 0 0
v 0.555887 -0.356245 0.282782 0 0
v 0.511874 -0.431565 0.299768 0 0
v 0.542455 -0.471172 0.31634 0 0
v 0.519136 -0.399704 0.28182 0 0
v 0.525869 -0.443583 0.288493 0 0
v 0.523233 -0.35112 0.269875 0 0
v 0.535636 -0.364187 0.258107 0 0
v 0.556381 -0.35615 0.243934 0 0
v 0.544065 -0.49959 0.283656 0 0
v 0.541934 -0.327887 0.216635 0 0
v 0.559723 -0.4638 0.294303 0 0
v 0.579147 -0.323332 0.236498 0 0
v 0.541187 -0.335687 0.248414 0 0
v 0.542151 -0.385132 0.290659 0 0
v 0.552463 -0.312445 0.199225 0 0
v 0.54609 -0.438951 0.282213 0 0
v 0.577932 -0.345231 0.256929 0 0
v 0.548254 -0.417631 0.314585 0 0
v 0.564838 -0.313222 0.251517 0 0
v 0.535907 -0.424268 0.299276 0 0
v 0.559381 -0.309836 0.24833 0 0
v 0.519616 -0.469654 0.27059 0 0
v 0.574405 -0.339791 0.258914 0 0
v 0.538299 -0.428684 0.315371 0 0
v 0.544437 -0.428393 0.275051 0 0
v 0.583688 -0.381752 0.276072 0 0
v 0.54266 -0.457034 0.273051 0 0
v 0.580158 -0.437477 0.239624 0 0
v 0.565257 -0.40969 0.285028 0 0
v 0.595668 -0.345037 0.229121 0 0
v 0.583735 -0.404619 0.289791 0 0
v 0.580706 -0.335139 0.260572 0 0
v 0.577046 -0.365519 0.250491 0 0
v 0.602973 -0.362213 0.203691 0 0
